0 2.327427387237549
0 2.2916793823242188
0 2.252115249633789
0 2.242760181427002
0 2.2308287620544434
0 2.2263996601104736
0 2.176056385040283
0 2.1434836387634277
0 2.15813946723938
0 2.1046829223632812
0 2.036867141723633
0 1.9984753131866455
0 1.904542088508606
0 1.9404622316360474
0 1.745404601097107
0 1.7117592096328735
0 1.6681816577911377
0 1.5949513912200928
0 1.5241179466247559
0 1.461361050605774
0 1.2603893280029297
0 1.2149720191955566
0 1.0693906545639038
0 1.148498296737671
0 1.096944808959961
0 0.99702388048172
0 0.9173346757888794
0 0.7711566090583801
0 0.7705115675926208
0 0.7903716564178467
0 0.5924792885780334
0 0.6163032054901123
0 0.8390470743179321
0 0.7341099977493286
0 0.782633364200592
0 0.7204743027687073
0 0.8012602925300598
0 0.6202852725982666
0 0.6020780205726624
0 0.4582318067550659
0 0.6459685564041138
0 0.40356743335723877
0 0.5596120357513428
0 0.5000191330909729
0 0.5168513655662537
0 0.5844622850418091
0 0.7697926163673401
0 0.7530234456062317
0 0.5154748558998108
0 0.7014410495758057
0 0.4498990476131439
0 0.5556083917617798
0 0.45477262139320374
0 0.5821852087974548
0 0.4114561676979065
0 0.415987104177475
0 0.49003520607948303
0 0.2383326143026352
0 0.26254814863204956
0 0.2902714014053345
0 0.34641438722610474
0 0.3142254054546356
0 0.4249514043331146
0 0.2402891367673874
0 0.4773307740688324
0 0.715560257434845
0 0.49054330587387085
0 0.5770989656448364
0 0.39041563868522644
0 0.25489136576652527
0 0.3791183531284332
0 0.6541447043418884
0 0.37548670172691345
0 0.20478960871696472
0 0.273457795381546
0 0.4351784586906433
0 0.36971384286880493
0 0.2292938083410263
0 0.5259450674057007
0 0.3543480634689331
0 0.30838534235954285
0 0.3241521716117859
0 0.37367498874664307
0 0.22831127047538757
0 0.3125655949115753
0 0.3722003102302551
0 0.18917697668075562
0 0.26945844292640686
0 0.276248574256897
0 0.2535819411277771
0 0.26072263717651367
0 0.3215728998184204
0 0.20085464417934418
0 0.32155078649520874
0 0.15317347645759583
0 0.22531037032604218
0 0.18145230412483215
0 0.3338374197483063
0 0.2785698175430298
0 0.3280896246433258
0 0.2768222391605377
0 0.3584360182285309
0 0.48390716314315796
0 0.29478636384010315
0 0.3869311511516571
0 0.2430422604084015
0 0.4009580612182617
0 0.40431874990463257
0 0.18529079854488373
0 0.19482135772705078
0 0.30795472860336304
0 0.2980057895183563
0 0.5214349627494812
0 0.5981742143630981
0 0.2758457660675049
0 0.2917070686817169
0 0.4577285051345825
0 0.17371481657028198
0 0.13530932366847992
0 0.18334823846817017
0 0.27525582909584045
0 0.2206442505121231
0 0.3834989666938782
0 0.36450743675231934
0 0.40582382678985596
0 0.2795797288417816
0 0.24392712116241455
0 0.2676990330219269
0 0.5667699575424194
0 0.21946030855178833
0 0.4116494357585907
0 0.28488534688949585
0 0.2627328336238861
0 0.13287535309791565
0 0.26902714371681213
0 0.2031612992286682
0 0.14039017260074615
0 0.13802452385425568
0 0.48623162508010864
0 0.19823135435581207
0 0.12943334877490997
0 0.2491074651479721
0 0.3576759994029999
0 0.26549431681632996
0 0.3148854374885559
0 0.24046117067337036
0 0.314006507396698
0 0.3304755687713623
0 0.4271887540817261
0 0.136342853307724
0 0.33108487725257874
0 0.1529238075017929
0 0.2243236005306244
0 0.14863580465316772
0 0.1231243684887886
0 0.22591927647590637
0 0.21174514293670654
0 0.33785611391067505
0 0.16505244374275208
0 0.2708054780960083
0 0.1422809213399887
0 0.2495030164718628
0 0.2634772062301636
0 0.2054472118616104
0 0.16826972365379333
0 0.21218733489513397
0 0.19476249814033508
0 0.33069828152656555
0 0.17390352487564087
0 0.22220546007156372
0 0.1127273365855217
0 0.21959878504276276
0 0.2759079337120056
0 0.23791107535362244
0 0.1492404043674469
0 0.12831293046474457
0 0.21586671471595764
0 0.3904595673084259
0 0.29917189478874207
0 0.24296808242797852
0 0.34801730513572693
0 0.17250485718250275
0 0.23339985311031342
0 0.1373409926891327
0 0.20463062822818756
0 0.07159121334552765
0 0.20390735566616058
0 0.14325059950351715
0 0.2953108549118042
0 0.17134037613868713
0 0.18070727586746216
0 0.11966608464717865
0 0.1605200469493866
0 0.13015370070934296
0 0.2610265612602234
0 0.17028820514678955
0 0.2662290632724762
0 0.23884400725364685
0 0.16293376684188843
0 0.2314441055059433
0 0.23676231503486633
0 0.08956116437911987
0 0.2678322196006775
0 0.17602674663066864
0 0.11039428412914276
0 0.10813426971435547
0 0.25291669368743896
0 0.23264993727207184
0 0.15513089299201965
0 0.24018114805221558
0 0.19029700756072998
0 0.19222033023834229
0 0.15752162039279938
0 0.17293250560760498
0 0.25595617294311523
0 0.14212875068187714
0 0.19831354916095734
0 0.10738400369882584
0 0.18697498738765717
0 0.06574441492557526
0 0.05883411690592766
0 0.13740414381027222
0 0.17111144959926605
0 0.13312800228595734
0 0.22563695907592773
0 0.051968272775411606
0 0.08180413395166397
0 0.274514377117157
0 0.31972891092300415
0 0.10530906915664673
0 0.2573868930339813
0 0.3676096200942993
0 0.14355948567390442
0 0.09875671565532684
0 0.07319121062755585
0 0.1135714128613472
0 0.1066615954041481
0 0.2339160144329071
0 0.17743144929409027
0 0.14199776947498322
0 0.09449996054172516
0 0.21606720983982086
0 0.08016613125801086
0 0.0828259065747261
0 0.19919681549072266
0 0.20926904678344727
0 0.16850236058235168
0 0.05674530938267708
0 0.18333159387111664
0 0.31525719165802
0 0.1950683742761612
0 0.11470437049865723
0 0.2064061313867569
0 0.09141437709331512
0 0.13777180016040802
0 0.06308633834123611
0 0.09379889816045761
0 0.11028412729501724
0 0.07815121859312057
0 0.10318528860807419
0 0.15660704672336578
0 0.2326042503118515
0 0.1957842856645584
0 0.12101486325263977
0 0.14481960237026215
0 0.10891076177358627
0 0.0496077686548233
0 0.1881221979856491
0 0.13228628039360046
0 0.09938086569309235
0 0.08055150508880615
0 0.10097742080688477
0 0.06043628230690956
0 0.10354556888341904
0 0.11752431839704514
0 0.2825267016887665
0 0.19354970753192902
0 0.2513168752193451
0 0.2544020414352417
0 0.12045511603355408
0 0.2017110139131546
0 0.058124296367168427
0 0.13982178270816803
0 0.17189253866672516
0 0.10913345217704773
0 0.07638803869485855
0 0.10725729912519455
0 0.19404767453670502
0 0.0462026409804821
0 0.08908350020647049
0 0.07613959163427353
0 0.1508973240852356
0 0.06388898938894272
0 0.1685410887002945
0 0.08574840426445007
0 0.14987404644489288
0 0.15935707092285156
0 0.2031833380460739
0 0.28358110785484314
0 0.1977049857378006
0 0.3000989854335785
0 0.17845046520233154
0 0.09186430275440216
0 0.08231529593467712
0 0.05061124637722969
0 0.10037121176719666
0 0.17380452156066895
0 0.2550150156021118
0 0.3457951247692108
0 0.19610752165317535
0 0.11801008135080338
0 0.1113445833325386
0 0.09015747159719467
0 0.06742481142282486
0 0.17123177647590637
0 0.1663832664489746
0 0.049930207431316376
0 0.29272976517677307
0 0.07816984504461288
0 0.10244936496019363
0 0.13548044860363007
0 0.1318855583667755
0 0.07063198834657669
0 0.04354448989033699
0 0.09607841819524765
0 0.187327578663826
0 0.043881408870220184
0 0.10178256779909134
0 0.39073070883750916
0 0.07644044607877731
0 0.13391609489917755
0 0.20373544096946716
0 0.09885194152593613
0 0.14840351045131683
0 0.20573875308036804
0 0.11907697468996048
0 0.09438011795282364
0 0.08725417405366898
0 0.16768775880336761
0 0.12352971732616425
0 0.19453904032707214
0 0.12440646439790726
0 0.1973196119070053
0 0.08654804527759552
0 0.10494612157344818
0 0.11633126437664032
0 0.06163596734404564
0 0.2943721115589142
0 0.08210811018943787
0 0.045618582516908646
0 0.14466333389282227
0 0.1645827740430832
0 0.19935165345668793
0 0.232600599527359
0 0.4003441631793976
0 0.11876364797353745
0 0.1326160728931427
0 0.13732202351093292
0 0.12332138419151306
0 0.1715584397315979
0 0.10950633138418198
0 0.17916364967823029
0 0.04678521677851677
0 0.054136909544467926
0 0.2186322659254074
0 0.05988553166389465
0 0.22814837098121643
0 0.04212455078959465
0 0.20287230610847473
0 0.059078168123960495
0 0.10542282462120056
0 0.23543775081634521
0 0.11723117530345917
0 0.14735569059848785
0 0.09925035387277603
0 0.16652832925319672
0 0.07410060614347458
0 0.187554270029068
0 0.06130242347717285
0 0.09859070926904678
0 0.13148437440395355
0 0.07137590646743774
0 0.18199719488620758
0 0.12943951785564423
0 0.19620589911937714
0 0.2255409061908722
0 0.1005365401506424
0 0.27173328399658203
0 0.25584062933921814
0 0.04384909197688103
0 0.05777508392930031
0 0.11658140271902084
0 0.05337056517601013
0 0.06113477051258087
0 0.1877709925174713
0 0.12016189098358154
0 0.1720307320356369
0 0.16036823391914368
0 0.19282734394073486
0 0.07902993261814117
0 0.05994764342904091
0 0.10611168295145035
0 0.11175134032964706
0 0.032234903424978256
0 0.22201573848724365
0 0.2136831432580948
0 0.16498519480228424
0 0.09233517944812775
0 0.05119115486741066
0 0.08154036849737167
0 0.23820295929908752
0 0.1339125782251358
0 0.09509231150150299
0 0.10213161259889603
0 0.10456602275371552
0 0.03928742557764053
0 0.10257503390312195
0 0.21964558959007263
0 0.0983935222029686
0 0.1320236176252365
0 0.1796775758266449
0 0.0811607614159584
0 0.12652018666267395
0 0.10777784883975983
0 0.10440540313720703
0 0.15129318833351135
0 0.0627501979470253
0 0.07761102169752121
0 0.10075753927230835
0 0.05272066220641136
0 0.052543461322784424
0 0.1251225769519806
0 0.12310955673456192
0 0.1223912313580513
0 0.1041824072599411
0 0.13227583467960358
0 0.05778755992650986
0 0.2009303867816925
0 0.06774185597896576
0 0.09392853081226349
0 0.03137654438614845
0 0.16885362565517426
0 0.05072283372282982
0 0.28747379779815674
0 0.132849782705307
0 0.030538951978087425
0 0.09056184440851212
0 0.1346961259841919
0 0.0477917306125164
0 0.12644062936306
0 0.13919679820537567
0 0.05799856036901474
0 0.1834937483072281
0 0.041388027369976044
0 0.17386333644390106
0 0.030658790841698647
0 0.04151080921292305
0 0.03704157471656799
0 0.0969056561589241
0 0.06969909369945526
0 0.03909391537308693
0 0.07916022837162018
0 0.0782885029911995
0 0.11605088412761688
0 0.0881781280040741
0 0.040219586342573166
0 0.14684723317623138
0 0.05013621598482132
0 0.10974160581827164
0 0.03533261641860008
0 0.04721609875559807
0 0.036680880934000015
0 0.14242792129516602
0 0.10528889298439026
0 0.08097923547029495
0 0.20671886205673218
0 0.04751238971948624
0 0.14910264313220978
0 0.1331366002559662
0 0.039410315454006195
0 0.02903006784617901
0 0.09446581453084946
0 0.11588532477617264
0 0.11607474088668823
0 0.11215510964393616
0 0.21809040009975433
0 0.0640995129942894
0 0.0547201968729496
0 0.10202091932296753
0 0.12803980708122253
0 0.05512207746505737
0 0.027864227071404457
0 0.09954264014959335
0 0.0714809000492096
0 0.06767363101243973
0 0.1180630475282669
0 0.1195453479886055
0 0.03364386036992073
0 0.1357908546924591
0 0.02789176255464554
0 0.07264356315135956
0 0.07068369537591934
0 0.09483680874109268
0 0.16812847554683685
0 0.02419561892747879
0 0.068138986825943
0 0.02976308763027191
0 0.06136617064476013
0 0.12509307265281677
0 0.11386394500732422
0 0.2230096310377121
0 0.09426455199718475
0 0.05170212313532829
0 0.06891925632953644
0 0.1172967255115509
0 0.026930002495646477
0 0.038265444338321686
0 0.12226780503988266
0 0.09827423840761185
0 0.05181866139173508
0 0.09191048890352249
0 0.02924848161637783
0 0.14515791833400726
0 0.09569627791643143
0 0.033551331609487534
0 0.13601437211036682
0 0.03931855410337448
0 0.020261453464627266
0 0.07390628755092621
0 0.021385207772254944
0 0.19384509325027466
0 0.05700032413005829
0 0.04146142303943634
0 0.0633629783987999
0 0.11570965498685837
0 0.08658306300640106
0 0.09830795973539352
0 0.19589972496032715
0 0.17131344974040985
0 0.06422389298677444
0 0.04121754318475723
0 0.10155487805604935
0 0.17126254737377167
0 0.08151455968618393
0 0.18151339888572693
0 0.06885993480682373
0 0.06391645222902298
0 0.15897759795188904
0 0.12982085347175598
0 0.010850319638848305
0 0.29695451259613037
0 0.0459103025496006
0 0.02587379515171051
0 0.030554287135601044
0 0.025436922907829285
0 0.02396152913570404
0 0.07921277731657028
0 0.07491342723369598
0 0.06429317593574524
0 0.09252068400382996
0 0.009439080953598022
0 0.06985383480787277
0 0.03316694498062134
0 0.07414066791534424
0 0.24900227785110474
0 0.20559161901474
0 0.07914501428604126
0 0.08693720400333405
0 0.07938966155052185
0 0.06004747003316879
0 0.017300080507993698
0 0.05428354814648628
0 0.09189032018184662
0 0.08931615203619003
0 0.0918237641453743
0 0.17449495196342468
0 0.13277529180049896
0 0.047374386340379715
0 0.023721963167190552
0 0.12433137744665146
0 0.17086033523082733
0 0.11957965791225433
0 0.04622410237789154
0 0.07488981634378433
0 0.09070183336734772
0 0.08291860669851303
0 0.08230645209550858
0 0.19105598330497742
0 0.0663190558552742
0 0.06885059177875519
0 0.025331512093544006
0 0.08352477848529816
0 0.07879259437322617
0 0.04117077589035034
0 0.056687138974666595
0 0.03426168113946915
0 0.0719216838479042
0 0.042939696460962296
0 0.05295352265238762
0 0.04885099083185196
0 0.031223660334944725
0 0.14967522025108337
0 0.13502417504787445
0 0.056222084909677505
0 0.0514693520963192
0 0.06849722564220428
0 0.06081202253699303
0 0.02275007963180542
0 0.13201592862606049
0 0.09261225908994675
0 0.01885143853724003
0 0.12328531593084335
0 0.05263534188270569
0 0.052409760653972626
0 0.07799556106328964
0 0.061191048473119736
0 0.10204385966062546
0 0.018228517845273018
0 0.04894424229860306
0 0.08309496939182281
0 0.0841800794005394
0 0.21886420249938965
0 0.04267042130231857
0 0.012788481079041958
0 0.10199808329343796
0 0.02525976486504078
0 0.05828545615077019
0 0.088838130235672
0 0.1307639479637146
0 0.09296063333749771
0 0.10942881554365158
0 0.11706896871328354
0 0.049891434609889984
0 0.03519695997238159
0 0.07746781408786774
0 0.02249758318066597
0 0.05520128831267357
0 0.10917943716049194
0 0.1549355536699295
0 0.055368438363075256
0 0.03385268524289131
0 0.21128861606121063
0 0.17361831665039062
0 0.14161431789398193
0 0.2441023737192154
0 0.07530050724744797
0 0.1481311023235321
0 0.0906224176287651
0 0.028599245473742485
0 0.07275350391864777
0 0.056726645678281784
0 0.0554807223379612
0 0.01524327602237463
0 0.08666849881410599
0 0.0867118239402771
0 0.0415717177093029
0 0.024193234741687775
0 0.06779038906097412
0 0.05515288561582565
0 0.0576738640666008
0 0.05916806682944298
0 0.05559595674276352
0 0.01742633618414402
0 0.05989696457982063
0 0.08657256513834
0 0.13860327005386353
0 0.1154511496424675
0 0.09523750841617584
0 0.02667963318526745
0 0.05467449873685837
0 0.11383520811796188
0 0.02037069760262966
0 0.21158543229103088
0 0.041583310812711716
0 0.11789633333683014
0 0.11680436879396439
0 0.16670718789100647
0 0.04279442876577377
0 0.07362016290426254
0 0.09467105567455292
0 0.09978298842906952
0 0.055471088737249374
0 0.028873570263385773
0 0.09652641415596008
0 0.09238409250974655
0 0.086501844227314
0 0.0700506716966629
0 0.05995515361428261
0 0.022377919405698776
0 0.06680967658758163
0 0.09076972305774689
0 0.07500364631414413
0 0.029676923528313637
0 0.029938438907265663
0 0.050571009516716
0 0.11900314688682556
0 0.02514929510653019
0 0.05101809278130531
0 0.026050563901662827
0 0.0665065199136734
0 0.05437924712896347
0 0.03554147109389305
0 0.013458863832056522
0 0.15062424540519714
0 0.03433481603860855
0 0.16021084785461426
0 0.06197730079293251
0 0.0911155715584755
0 0.0663568302989006
0 0.081566222012043
0 0.056132156401872635
0 0.036538463085889816
0 0.0211777463555336
0 0.07339619100093842
0 0.05189419165253639
0 0.12888644635677338
0 0.04559857025742531
0 0.02206709235906601
0 0.0767035186290741
0 0.050038307905197144
0 0.07853049039840698
0 0.017654895782470703
0 0.02187664993107319
0 0.38285619020462036
0 0.017379673197865486
0 0.038602083921432495
0 0.04662851244211197
0 0.06098875775933266
0 0.02146206982433796
0 0.027315406128764153
0 0.12596139311790466
0 0.040766142308712006
0 0.060854874551296234
0 0.10881616175174713
0 0.021908901631832123
0 0.1882440596818924
0 0.026616249233484268
0 0.10132502764463425
0 0.22434231638908386
0 0.034375712275505066
0 0.03335724025964737
0 0.09793970733880997
0 0.09432350844144821
0 0.01907288283109665
0 0.052561841905117035
0 0.05122314766049385
0 0.05988572910428047
0 0.007182992994785309
0 0.16756300628185272
0 0.0693889856338501
0 0.01110962312668562
0 0.02530667930841446
0 0.01904911734163761
0 0.031089821830391884
0 0.15708760917186737
0 0.0884539932012558
0 0.05108489841222763
0 0.05261781066656113
0 0.11991886049509048
0 0.08398665487766266
0 0.07935228943824768
0 0.0689384937286377
0 0.2494773119688034
0 0.08202247321605682
0 0.0838141217827797
0 0.06890130043029785
0 0.1004858911037445
0 0.09658519178628922
0 0.11358682066202164
0 0.03306116536259651
0 0.0957389548420906
0 0.016415633261203766
0 0.1403728425502777
0 0.049870509654283524
0 0.10810037702322006
0 0.06882940232753754
0 0.2080041617155075
0 0.029985612258315086
0 0.042274799197912216
0 0.04946647584438324
0 0.05663413926959038
0 0.048799652606248856
0 0.0888938158750534
0 0.08838406950235367
0 0.019426701590418816
0 0.05356701835989952
0 0.09020878374576569
0 0.021323898807168007
0 0.03516416251659393
0 0.03993169218301773
0 0.027414964511990547
0 0.0766051858663559
0 0.038206394761800766
0 0.04758743941783905
0 0.056958720088005066
0 0.08717862516641617
0 0.07634780555963516
0 0.04756242409348488
0 0.10244312137365341
0 0.1690322905778885
0 0.07241743057966232
0 0.10211256146430969
0 0.052224863320589066
0 0.11372712254524231
0 0.08614371716976166
0 0.028474539518356323
0 0.08726061880588531
0 0.05732732638716698
0 0.24141304194927216
0 0.11216303706169128
0 0.061033397912979126
0 0.13275112211704254
0 0.03729364275932312
0 0.07535428553819656
0 0.03615975007414818
0 0.14875498414039612
0 0.02935950458049774
0 0.029403576627373695
0 0.02187841199338436
0 0.012742506340146065
0 0.04930034652352333
0 0.07291256636381149
0 0.05771874263882637
0 0.11250951141119003
0 0.061748895794153214
0 0.05506196990609169
0 0.01648671366274357
0 0.013762839138507843
0 0.03941994532942772
0 0.03742022439837456
0 0.05341178923845291
0 0.10518445074558258
0 0.06125856935977936
0 0.16213847696781158
0 0.10433411598205566
0 0.138278067111969
0 0.05479343235492706
0 0.05395174026489258
0 0.25256213545799255
0 0.09451408684253693
0 0.04214644432067871
0 0.13297083973884583
0 0.033210378140211105
0 0.10230492055416107
0 0.04862835630774498
0 0.04472856968641281
0 0.00984592828899622
0 0.05221380293369293
0 0.013449990190565586
0 0.022473059594631195
0 0.03489411622285843
0 0.04253241792321205
0 0.039539635181427
0 0.11515314131975174
0 0.16860109567642212
0 0.07272686064243317
0 0.08201629668474197
0 0.1645595282316208
0 0.10984362661838531
0 0.021309005096554756
0 0.025605706498026848
0 0.06172400340437889
0 0.0994436964392662
0 0.11546590179204941
0 0.044018711894750595
0 0.09895414113998413
0 0.06276670098304749
0 0.03889249265193939
0 0.03919414430856705
0 0.038563575595617294
0 0.13058923184871674
0 0.0896540954709053
0 0.03735879808664322
0 0.08840353786945343
0 0.10976527631282806
0 0.17210665345191956
0 0.05479473993182182
0 0.04695606231689453
0 0.06921309232711792
0 0.10419417917728424
0 0.021626420319080353
0 0.17681650817394257
0 0.04925518482923508
0 0.04091512784361839
0 0.016814274713397026
0 0.02548147179186344
0 0.014521755278110504
0 0.02233954332768917
0 0.04730163887143135
0 0.20724543929100037
0 0.04022666811943054
0 0.07640694826841354
0 0.04821823164820671
0 0.10012822598218918
0 0.05145169049501419
0 0.02332809753715992
0 0.015370447188615799
0 0.035854388028383255
0 0.0919564813375473
0 0.01996438577771187
0 0.09666793048381805
0 0.034915901720523834
0 0.10984434932470322
0 0.011015478521585464
0 0.025811778381466866
0 0.13403376936912537
0 0.008866405114531517
0 0.056677207350730896
0 0.05521218478679657
0 0.08154439926147461
0 0.07311855256557465
0 0.020871344953775406
0 0.17950353026390076
0 0.020888395607471466
0 0.03553187847137451
0 0.03765535354614258
0 0.013736587017774582
0 0.21798571944236755
0 0.0638618916273117
0 0.022130360826849937
0 0.04728793352842331
0 0.0442458875477314
0 0.07100936770439148
0 0.05007479339838028
0 0.05541516840457916
0 0.04955405741930008
0 0.036743804812431335
0 0.09291452914476395
0 0.02239704690873623
0 0.05658566206693649
0 0.07078331708908081
0 0.05700745806097984
0 0.030482277274131775
0 0.023838769644498825
0 0.09132866561412811
0 0.046475425362586975
0 0.03698693960905075
0 0.016723399981856346
0 0.009222637861967087
