0 2.3061702251434326
0 2.2726833820343018
0 2.2685465812683105
0 2.2722744941711426
0 2.2246153354644775
0 2.1813175678253174
0 2.187588930130005
0 2.14383864402771
0 2.124613046646118
0 2.106327533721924
0 2.066295862197876
0 2.000936269760132
0 1.9948153495788574
0 1.900644063949585
0 1.806040644645691
0 1.8465157747268677
0 1.71943998336792
0 1.7368935346603394
0 1.5886672735214233
0 1.5497751235961914
0 1.5500664710998535
0 1.2395422458648682
0 1.2044258117675781
0 1.1094708442687988
0 0.9940208792686462
0 1.2440707683563232
0 0.9590334296226501
0 1.040053367614746
0 0.8931666016578674
0 0.7359115481376648
0 0.6426395177841187
0 0.9476823210716248
0 1.1731770038604736
0 0.8659043312072754
0 0.8447412252426147
0 0.5686392784118652
0 0.6693999767303467
0 0.8833441734313965
0 0.6425042152404785
0 0.673629641532898
0 0.5695797204971313
0 0.5286913514137268
0 0.4181164503097534
0 0.7023336291313171
0 0.45785602927207947
0 0.4723372459411621
0 0.8241681456565857
0 0.5952052474021912
0 0.5221757888793945
0 0.6594902873039246
0 0.5044870376586914
0 0.4691328704357147
0 1.0066910982131958
0 0.8251267075538635
0 0.3830713927745819
0 0.43189334869384766
0 0.4047625660896301
0 0.47975751757621765
0 0.44574618339538574
0 0.5748838186264038
0 0.37766751646995544
0 0.45575276017189026
0 0.49974194169044495
0 0.6941553950309753
0 0.32821959257125854
0 0.40289416909217834
0 0.3916579782962799
0 0.43897074460983276
0 0.48772913217544556
0 0.2773962914943695
0 0.5213727951049805
0 0.31627991795539856
0 0.3264060318470001
0 0.3667867183685303
0 0.334382563829422
0 0.4835660457611084
0 0.41803598403930664
0 0.30597588419914246
0 0.6208635568618774
0 0.23758989572525024
0 0.2899753749370575
0 0.5291138291358948
0 0.2572328448295593
0 0.33542442321777344
0 0.48403099179267883
0 0.5243456363677979
0 0.4916698932647705
0 0.3382505178451538
0 0.39205244183540344
0 0.20774789154529572
0 0.18729765713214874
0 0.2225005179643631
0 0.25030413269996643
0 0.2928934097290039
0 0.3012542426586151
0 0.40475359559059143
0 0.1590338796377182
0 0.27537262439727783
0 0.2828942835330963
0 0.20812974870204926
0 0.41579756140708923
0 0.2386324554681778
0 0.16229188442230225
0 0.36408647894859314
0 0.1692250370979309
0 0.276289165019989
0 0.2502318322658539
0 0.4528382420539856
0 0.3726951777935028
0 0.18456357717514038
0 0.11092904210090637
0 0.2894159257411957
0 0.13937608897686005
0 0.26285839080810547
0 0.3566315770149231
0 0.23757094144821167
0 0.18881918489933014
0 0.18262070417404175
0 0.29531827569007874
0 0.18061338365077972
0 0.1195283755660057
0 0.2730797827243805
0 0.33753180503845215
0 0.147058367729187
0 0.3316793143749237
0 0.23536743223667145
0 0.25520285964012146
0 0.31212714314460754
0 0.43684622645378113
0 0.30863961577415466
0 0.324337899684906
0 0.2543853521347046
0 0.25032418966293335
0 0.22127211093902588
0 0.2149529755115509
0 0.22106914222240448
0 0.0909220427274704
0 0.1310892105102539
0 0.2799912691116333
0 0.2925992012023926
0 0.2577877938747406
0 0.24029763042926788
0 0.19058530032634735
0 0.37528401613235474
0 0.13316649198532104
0 0.24064528942108154
0 0.1803690642118454
0 0.14015428721904755
0 0.2041528970003128
0 0.06633864343166351
0 0.24826650321483612
0 0.18808062374591827
0 0.2160150557756424
0 0.1634390950202942
0 0.20733746886253357
0 0.22841912508010864
0 0.1622287929058075
0 0.1763554811477661
0 0.21525833010673523
0 0.2567589581012726
0 0.2112090289592743
0 0.24124352633953094
0 0.1301461011171341
0 0.31377044320106506
0 0.14396131038665771
0 0.5993066430091858
0 0.1425856053829193
0 0.18277616798877716
0 0.11152143031358719
0 0.11561205238103867
0 0.1210281252861023
0 0.17902611196041107
0 0.2631632089614868
0 0.31551358103752136
0 0.19116854667663574
0 0.14341124892234802
0 0.2761593461036682
0 0.27937525510787964
0 0.16270846128463745
0 0.18558143079280853
0 0.16421283781528473
0 0.11609217524528503
0 0.21023276448249817
0 0.2631213665008545
0 0.2657046616077423
0 0.1253633052110672
0 0.12195831537246704
0 0.22558295726776123
0 0.12499678879976273
0 0.41140058636665344
0 0.24476443231105804
0 0.2974511384963989
0 0.2237561047077179
0 0.048919085413217545
0 0.12996867299079895
0 0.10337162762880325
0 0.2538488507270813
0 0.13459160923957825
0 0.3148149847984314
0 0.10164026916027069
0 0.20103272795677185
0 0.24772131443023682
0 0.14603544771671295
0 0.2311948537826538
0 0.21916866302490234
0 0.13313861191272736
0 0.17274890840053558
0 0.15995186567306519
0 0.14602722227573395
0 0.10585574060678482
0 0.08345799893140793
0 0.17347151041030884
0 0.2729353904724121
0 0.15924106538295746
0 0.35428306460380554
0 0.24139617383480072
0 0.1298116147518158
0 0.042560331523418427
0 0.1447100043296814
0 0.1147121861577034
0 0.22314518690109253
0 0.18444731831550598
0 0.20620141923427582
0 0.13834747672080994
0 0.15711165964603424
0 0.11522207409143448
0 0.1587318629026413
0 0.26055240631103516
0 0.15478920936584473
0 0.24063743650913239
0 0.10563188791275024
0 0.07746771723031998
0 0.16923676431179047
0 0.19772768020629883
0 0.2669392228126526
0 0.13392731547355652
0 0.1930169016122818
0 0.13146930932998657
0 0.16724710166454315
0 0.11831241846084595
0 0.10509560257196426
0 0.12016268074512482
0 0.10169017314910889
0 0.1279691606760025
0 0.126494362950325
0 0.08543213456869125
0 0.2603894770145416
0 0.3288404047489166
0 0.07072807848453522
0 0.18543460965156555
0 0.13167104125022888
0 0.13494153320789337
0 0.04168117418885231
0 0.06108531728386879
0 0.1067349910736084
0 0.06357966363430023
0 0.08497671782970428
0 0.05866413936018944
0 0.24342931807041168
0 0.2544255554676056
0 0.08967182785272598
0 0.06609626859426498
0 0.06801094859838486
0 0.10232622921466827
0 0.13738903403282166
0 0.1892952024936676
0 0.09431722015142441
0 0.05115538090467453
0 0.11509313434362411
0 0.10822442919015884
0 0.18710148334503174
0 0.06470976769924164
0 0.062115464359521866
0 0.04472929239273071
0 0.06109816953539848
0 0.21352596580982208
0 0.16376858949661255
0 0.15287697315216064
0 0.18369700014591217
0 0.21026867628097534
0 0.10856808722019196
0 0.13531292974948883
0 0.07510681450366974
0 0.14586064219474792
0 0.09405407309532166
0 0.20993611216545105
0 0.06026699021458626
0 0.16762608289718628
0 0.24066162109375
0 0.2452915906906128
0 0.12255121767520905
0 0.22682349383831024
0 0.10858476161956787
0 0.15143977105617523
0 0.12718959152698517
0 0.1144857108592987
0 0.14617963135242462
0 0.23913872241973877
0 0.038132816553115845
0 0.17514199018478394
0 0.34339040517807007
0 0.12195300310850143
0 0.18057675659656525
0 0.07315140217542648
0 0.2606620788574219
0 0.04985459893941879
0 0.06877318769693375
0 0.17752167582511902
0 0.11544472724199295
0 0.05338015779852867
0 0.05603741481900215
0 0.16410741209983826
0 0.1321164071559906
0 0.19106987118721008
0 0.10229235887527466
0 0.19853930175304413
0 0.06047363579273224
0 0.23949971795082092
0 0.03930842876434326
0 0.16025890409946442
0 0.1415873020887375
0 0.13722938299179077
0 0.1182236447930336
0 0.22208969295024872
0 0.19841110706329346
0 0.13038058578968048
0 0.20062649250030518
0 0.13235484063625336
0 0.08916819095611572
0 0.07531531900167465
0 0.07285250723361969
0 0.26323339343070984
0 0.052317023277282715
0 0.1675862818956375
0 0.07008357346057892
0 0.08946466445922852
0 0.20462922751903534
0 0.16565702855587006
0 0.12015510350465775
0 0.21295644342899323
0 0.033910661935806274
0 0.07441577315330505
0 0.09704156965017319
0 0.0704725906252861
0 0.03940301015973091
0 0.051382895559072495
0 0.11998964846134186
0 0.2089865356683731
0 0.07827199995517731
0 0.027229931205511093
0 0.05093950405716896
0 0.06237533688545227
0 0.24662818014621735
0 0.15619847178459167
0 0.0914972648024559
0 0.3331873118877411
0 0.07993520051240921
0 0.12151150405406952
0 0.20281058549880981
0 0.14158432185649872
0 0.20463237166404724
0 0.07032126188278198
0 0.10689639300107956
0 0.06816369295120239
0 0.19574950635433197
0 0.053430601954460144
0 0.15695083141326904
0 0.07572108507156372
0 0.10392358899116516
0 0.045673392713069916
0 0.09773880988359451
0 0.08580853044986725
0 0.041007064282894135
0 0.17160744965076447
0 0.09986621141433716
0 0.08773204684257507
0 0.1505780816078186
0 0.09555681049823761
0 0.0551515556871891
0 0.30309584736824036
0 0.05619233474135399
0 0.20523203909397125
0 0.07845315337181091
0 0.07808542251586914
0 0.22860124707221985
0 0.0847441703081131
0 0.05170995369553566
0 0.13569141924381256
0 0.12549032270908356
0 0.09813648462295532
0 0.0967807024717331
0 0.1395772099494934
0 0.07995963841676712
0 0.18093906342983246
0 0.0407378189265728
0 0.08995519578456879
0 0.07370113581418991
0 0.11754205822944641
0 0.22093994915485382
0 0.06288378685712814
0 0.20888033509254456
0 0.030789194628596306
0 0.06345672905445099
0 0.021942809224128723
0 0.13058583438396454
0 0.12718966603279114
0 0.09112343192100525
0 0.15117178857326508
0 0.14655691385269165
0 0.04108205810189247
0 0.17927473783493042
0 0.07492335885763168
0 0.13731665909290314
0 0.05887150764465332
0 0.10073772072792053
0 0.10406403243541718
0 0.15558136999607086
0 0.25728994607925415
0 0.15294037759304047
0 0.05836204066872597
0 0.04125429317355156
0 0.12406495958566666
0 0.34124910831451416
0 0.10525255650281906
0 0.11514773219823837
0 0.027290429919958115
0 0.07190845161676407
0 0.07809515297412872
0 0.03484237194061279
0 0.19483233988285065
0 0.09230309724807739
0 0.11158691346645355
0 0.20959118008613586
0 0.04870397225022316
0 0.07585325092077255
0 0.08360185474157333
0 0.14089618623256683
0 0.05012510344386101
0 0.100837841629982
0 0.09335161745548248
0 0.07545582205057144
0 0.18946495652198792
0 0.3384445905685425
0 0.12636052072048187
0 0.10421531647443771
0 0.12252655625343323
0 0.06446073949337006
0 0.11747978627681732
0 0.14982539415359497
0 0.1121179535984993
0 0.17470727860927582
0 0.02769000269472599
0 0.031784605234861374
0 0.044964734464883804
0 0.0797095000743866
0 0.08785504847764969
0 0.14520327746868134
0 0.11517014354467392
0 0.03892761096358299
0 0.07199020683765411
0 0.06460301578044891
0 0.125811368227005
0 0.04589416831731796
0 0.05513143166899681
0 0.10069449245929718
0 0.0371064655482769
0 0.02410878613591194
0 0.06897695362567902
0 0.024671752005815506
0 0.07464072853326797
0 0.09220532327890396
0 0.10986437648534775
0 0.0765727236866951
0 0.02546718902885914
0 0.05649575963616371
0 0.050963543355464935
0 0.11054130643606186
0 0.17065222561359406
0 0.09834760427474976
0 0.19832675158977509
0 0.10924191772937775
0 0.05117061361670494
0 0.05453256145119667
0 0.054144278168678284
0 0.07392802834510803
0 0.19329872727394104
0 0.09017503261566162
0 0.07598809897899628
0 0.07926339656114578
0 0.01976843737065792
0 0.21314352750778198
0 0.046821217983961105
0 0.13168664276599884
0 0.1937696784734726
0 0.1801658719778061
0 0.032306279987096786
0 0.1518917977809906
0 0.12261806428432465
0 0.14271938800811768
0 0.06963636726140976
0 0.03236715495586395
0 0.017912669107317924
0 0.029618438333272934
0 0.05358181893825531
0 0.05254896730184555
0 0.0661901906132698
0 0.052185799926519394
0 0.04180169478058815
0 0.007851339876651764
0 0.07552734762430191
0 0.02347712032496929
0 0.08856972306966782
0 0.06036357209086418
0 0.21834129095077515
0 0.13386833667755127
0 0.060015879571437836
0 0.059277139604091644
0 0.10333981364965439
0 0.06422845274209976
0 0.14925651252269745
0 0.05857856944203377
0 0.022049617022275925
0 0.17528821527957916
0 0.1892077624797821
0 0.13878147304058075
0 0.042973294854164124
0 0.09411326795816422
0 0.16005085408687592
0 0.2020924836397171
0 0.11055905371904373
0 0.13035109639167786
0 0.09386122226715088
0 0.03801136463880539
0 0.20875954627990723
0 0.06148805096745491
0 0.04608969762921333
0 0.051672812551259995
0 0.06300730258226395
0 0.06536062806844711
0 0.1275329887866974
0 0.03879401832818985
0 0.0246635302901268
0 0.057617366313934326
0 0.07394059747457504
0 0.26710307598114014
0 0.1480451077222824
0 0.09687038511037827
0 0.024025684222579002
0 0.03352709114551544
0 0.07522190362215042
0 0.2703034281730652
0 0.12093374878168106
0 0.11697837710380554
0 0.07677553594112396
0 0.048440515995025635
0 0.15280166268348694
0 0.07383013516664505
0 0.06911452114582062
0 0.15832561254501343
0 0.05044732242822647
0 0.13489864766597748
0 0.0599433109164238
0 0.08703156560659409
0 0.1336841881275177
0 0.037262655794620514
0 0.04970048367977142
0 0.1482541859149933
0 0.24864985048770905
0 0.020211227238178253
0 0.027774719521403313
0 0.06194128096103668
0 0.04567832872271538
0 0.033175066113471985
0 0.04072842746973038
0 0.20509055256843567
0 0.12355699390172958
0 0.037216462194919586
0 0.06478333473205566
0 0.05918269231915474
0 0.055074241012334824
0 0.06909313052892685
0 0.0897003561258316
0 0.0836779847741127
0 0.02790946327149868
0 0.07120402902364731
0 0.03944515436887741
0 0.059219516813755035
0 0.060050539672374725
0 0.1451730877161026
0 0.09334225952625275
0 0.07350517064332962
0 0.02193300798535347
0 0.16421876847743988
0 0.12844818830490112
0 0.05004299804568291
0 0.07360844314098358
0 0.1445039063692093
0 0.05742066353559494
0 0.029941376298666
0 0.08140142261981964
0 0.11204905062913895
0 0.11224443465471268
0 0.07870760560035706
0 0.042544927448034286
0 0.21520937979221344
0 0.04810907691717148
0 0.1264503449201584
0 0.045352138578891754
0 0.05506451055407524
0 0.04107793793082237
0 0.026187416166067123
0 0.2337038516998291
0 0.1441793441772461
0 0.11408710479736328
0 0.06087062880396843
0 0.019752081483602524
0 0.12071637064218521
0 0.015071745030581951
0 0.087757907807827
0 0.05593137815594673
0 0.0918547511100769
0 0.022625232115387917
0 0.007835130207240582
0 0.1700955629348755
0 0.1080789715051651
0 0.16814665496349335
0 0.07325346767902374
0 0.13262662291526794
0 0.15785986185073853
0 0.16770584881305695
0 0.15171627700328827
0 0.02082247845828533
0 0.12362965196371078
0 0.10929713398218155
0 0.22008180618286133
0 0.11691214889287949
0 0.030784115195274353
0 0.06947250664234161
0 0.03833094239234924
0 0.014683995395898819
0 0.06679479777812958
0 0.07146964967250824
0 0.06577426195144653
0 0.03309061750769615
0 0.030184486880898476
0 0.05759149789810181
0 0.1809801608324051
0 0.1856537014245987
0 0.12315729260444641
0 0.08906182646751404
0 0.035241298377513885
0 0.01791691966354847
0 0.006522377021610737
0 0.02167302370071411
0 0.027238238602876663
0 0.04527493566274643
0 0.04364345967769623
0 0.07199025899171829
0 0.02576684206724167
0 0.14158836007118225
0 0.08382956683635712
0 0.08198729902505875
0 0.07473399490118027
0 0.06523548811674118
0 0.014993611723184586
0 0.0186601635068655
0 0.1519547402858734
0 0.16729173064231873
0 0.0770270973443985
0 0.12015435099601746
0 0.06931469589471817
0 0.1256311982870102
0 0.15772908926010132
0 0.0804949626326561
0 0.0571126826107502
0 0.043949004262685776
0 0.048486240208148956
0 0.14934462308883667
0 0.056464195251464844
0 0.06557576358318329
0 0.03991060331463814
0 0.057794999331235886
0 0.024024201557040215
0 0.07320970296859741
0 0.24694068729877472
0 0.058830175548791885
0 0.04547779634594917
0 0.045111022889614105
0 0.07912592589855194
0 0.17637275159358978
0 0.07263682037591934
0 0.05401897057890892
0 0.06330759078264236
0 0.10521384328603745
0 0.028261002153158188
0 0.032014764845371246
0 0.07603555172681808
0 0.08582878857851028
0 0.10419940203428268
0 0.0436791367828846
0 0.06579894572496414
0 0.1379118114709854
0 0.014931246638298035
0 0.06275879591703415
0 0.0744435042142868
0 0.08480919152498245
0 0.04360025003552437
0 0.03717685490846634
0 0.04585877060890198
0 0.033148497343063354
0 0.042672645300626755
0 0.011476133018732071
0 0.11623378843069077
0 0.028914213180541992
0 0.041839614510536194
0 0.009727835655212402
0 0.06567849963903427
0 0.014479873701930046
0 0.0777205303311348
0 0.0193063635379076
0 0.01690620556473732
0 0.1290162354707718
0 0.059893496334552765
0 0.07060319930315018
0 0.050797320902347565
0 0.06613443046808243
0 0.03153609856963158
0 0.05428861454129219
0 0.06607254594564438
0 0.06793826073408127
0 0.03498612344264984
0 0.08833689987659454
0 0.01661810837686062
0 0.11017254739999771
0 0.021571939811110497
0 0.025862842798233032
0 0.0342257060110569
0 0.0413341149687767
0 0.1568959355354309
0 0.06873275339603424
0 0.14479149878025055
0 0.03210197389125824
0 0.007416006177663803
0 0.21328651905059814
0 0.035287342965602875
0 0.10673081129789352
0 0.06080363690853119
0 0.05207998305559158
0 0.038223110139369965
0 0.025161447003483772
0 0.07104665786027908
0 0.13590750098228455
0 0.050936225801706314
0 0.06249045580625534
0 0.08961804956197739
0 0.189341738820076
0 0.07217833399772644
0 0.09650429338216782
0 0.08765524625778198
0 0.1028609424829483
0 0.026881320402026176
0 0.03927123546600342
0 0.07923045754432678
0 0.07829849421977997
0 0.09029600024223328
0 0.10863524675369263
0 0.10252973437309265
0 0.04673231765627861
0 0.05921928957104683
0 0.04013046622276306
0 0.04928426817059517
0 0.0744723528623581
0 0.011943462304770947
0 0.10081935673952103
0 0.05713853985071182
0 0.05918970704078674
0 0.05619538202881813
0 0.18457499146461487
0 0.19331561028957367
0 0.04384664446115494
0 0.041986845433712006
0 0.08300875127315521
0 0.04451046884059906
0 0.025915170088410378
0 0.017852865159511566
0 0.1283317506313324
0 0.1929209679365158
0 0.08350435644388199
0 0.023847170174121857
0 0.07404879480600357
0 0.07763902842998505
0 0.02699924260377884
0 0.07519413530826569
0 0.04585334658622742
0 0.0483943372964859
0 0.019605565816164017
0 0.052243445068597794
0 0.055241573601961136
0 0.046921487897634506
0 0.039756886661052704
0 0.03200957551598549
0 0.041906241327524185
0 0.09855981916189194
0 0.10977986454963684
0 0.05281522497534752
0 0.05668844282627106
0 0.09675219655036926
0 0.039964575320482254
0 0.0752684473991394
0 0.11230575293302536
0 0.03360975533723831
0 0.05572139844298363
0 0.1241835430264473
0 0.01462765596807003
0 0.015542561188340187
0 0.16702604293823242
0 0.06031100079417229
0 0.05531304329633713
0 0.07220999896526337
0 0.09624679386615753
0 0.02196541614830494
0 0.10066457837820053
0 0.17502254247665405
0 0.09483147412538528
0 0.05633421987295151
0 0.05374127998948097
0 0.03828684240579605
0 0.0996938943862915
0 0.052100472152233124
0 0.1655905544757843
0 0.07212596386671066
0 0.037373654544353485
0 0.04186416044831276
0 0.021172313019633293
0 0.11123959720134735
0 0.060899700969457626
0 0.016549406573176384
0 0.0942726731300354
0 0.04249945282936096
0 0.05599801614880562
0 0.0758804976940155
0 0.03881340101361275
0 0.054157938808202744
0 0.045429542660713196
0 0.03240472823381424
0 0.04642372205853462
0 0.12201900035142899
0 0.21026605367660522
0 0.15305784344673157
0 0.17955784499645233
0 0.05299193039536476
0 0.03232050687074661
0 0.06725145876407623
0 0.11236980557441711
0 0.10465139150619507
0 0.019596748054027557
0 0.07791456580162048
0 0.027260446920990944
0 0.10718567669391632
0 0.06211109459400177
0 0.08763329684734344
0 0.008714452385902405
0 0.045321084558963776
0 0.03342321142554283
0 0.0835651159286499
0 0.10298238694667816
0 0.11004780977964401
0 0.0892023965716362
0 0.012786527164280415
0 0.05536523461341858
0 0.013522536493837833
0 0.013948418200016022
0 0.05538097023963928
0 0.017350753769278526
0 0.05459031090140343
0 0.06365904957056046
0 0.0721120685338974
0 0.015739507973194122
0 0.0436745248734951
0 0.1765090525150299
0 0.06313308328390121
0 0.09733684360980988
0 0.07846247404813766
0 0.10569437593221664
0 0.07275009155273438
0 0.039438262581825256
0 0.019039401784539223
0 0.04514741152524948
0 0.10815174877643585
0 0.02467254176735878
0 0.14014720916748047
0 0.05812666937708855
0 0.01773204654455185
0 0.05718158185482025
0 0.024227222427725792
0 0.02017495222389698
0 0.024051504209637642
0 0.048843421041965485
0 0.03421745449304581
0 0.050434261560440063
0 0.08265800774097443
0 0.14760762453079224
0 0.0268985815346241
0 0.014523234218358994
0 0.045723430812358856
0 0.08034355193376541
0 0.01746629737317562
0 0.013537261635065079
0 0.060713302344083786
0 0.060480669140815735
0 0.015013519674539566
0 0.04249446839094162
0 0.019062044098973274
0 0.11279915273189545
0 0.02331356517970562
0 0.009956460446119308
0 0.11651822179555893
0 0.04891778901219368
0 0.014411073178052902
0 0.06251851469278336
0 0.1749415397644043
0 0.05916210263967514
0 0.06495324522256851
0 0.022351516410708427
0 0.04450356960296631
0 0.05692834034562111
0 0.009908804669976234
0 0.024737732484936714
0 0.013298804871737957
0 0.03731291741132736
0 0.01205152552574873
0 0.014391966164112091
0 0.04713958874344826
0 0.015613725408911705
0 0.0501510426402092
0 0.061498139053583145
0 0.07710099965333939
0 0.021981380879878998
0 0.07681107521057129
