0 2.289005994796753
0 2.271860361099243
0 2.257863759994507
0 2.225534439086914
0 2.2190098762512207
0 2.168978452682495
0 2.1640214920043945
0 2.1518654823303223
0 2.13132381439209
0 2.0783815383911133
0 2.0101919174194336
0 2.0163626670837402
0 1.9227749109268188
0 1.8883811235427856
0 1.747723937034607
0 1.7151159048080444
0 1.5957660675048828
0 1.5812950134277344
0 1.5669026374816895
0 1.3374500274658203
0 1.328730583190918
0 1.210120439529419
0 1.1050094366073608
0 1.1429522037506104
0 1.0387039184570312
0 1.104006052017212
0 0.799834132194519
0 0.7794915437698364
0 0.9904038310050964
0 0.8382033705711365
0 1.0337637662887573
0 0.7270600199699402
0 0.5137137174606323
0 0.8785292506217957
0 0.7969932556152344
0 0.7454692125320435
0 0.7358660697937012
0 0.5600064396858215
0 0.6548813581466675
0 0.6287996768951416
0 0.4093242287635803
0 0.5747301578521729
0 0.664738655090332
0 0.4867480993270874
0 0.5283700823783875
0 0.5215855240821838
0 0.5700504779815674
0 0.36761003732681274
0 0.47418808937072754
0 0.42931005358695984
0 0.6185185313224792
0 0.5801473259925842
0 0.8800904750823975
0 0.33090463280677795
0 0.4636685848236084
0 0.5003532767295837
0 0.5022148489952087
0 0.27558839321136475
0 0.3364785611629486
0 0.29957079887390137
0 0.6586704254150391
0 0.4581117033958435
0 0.462708055973053
0 0.6428086757659912
0 0.38142096996307373
0 0.27014580368995667
0 0.3681793510913849
0 0.4359407424926758
0 0.31866464018821716
0 0.33020660281181335
0 0.43328776955604553
0 0.4460974335670471
0 0.39624276757240295
0 0.3265319764614105
0 0.43764767050743103
0 0.2955819070339203
0 0.378379762172699
0 0.4353823959827423
0 0.30431050062179565
0 0.408478707075119
0 0.43448173999786377
0 0.4412677586078644
0 0.15477252006530762
0 0.3133799433708191
0 0.47434842586517334
0 0.30332911014556885
0 0.25243282318115234
0 0.3598144054412842
0 0.23136289417743683
0 0.2568584084510803
0 0.3801121711730957
0 0.16982850432395935
0 0.25752902030944824
0 0.19719044864177704
0 0.21571631729602814
0 0.29578736424446106
0 0.37641438841819763
0 0.25124284625053406
0 0.2687132656574249
0 0.23712356388568878
0 0.14489856362342834
0 0.2149227261543274
0 0.22721633315086365
0 0.2541825771331787
0 0.25540801882743835
0 0.41309434175491333
0 0.3396556079387665
0 0.3834628462791443
0 0.27315181493759155
0 0.46141931414604187
0 0.13417530059814453
0 0.32558220624923706
0 0.4666576683521271
0 0.1769416630268097
0 0.36304837465286255
0 0.17943201959133148
0 0.25872111320495605
0 0.37712904810905457
0 0.28004613518714905
0 0.21437431871891022
0 0.3901786208152771
0 0.3247072398662567
0 0.17688630521297455
0 0.18664029240608215
0 0.33682388067245483
0 0.4270133376121521
0 0.18672581017017365
0 0.23160196840763092
0 0.300342321395874
0 0.17756114900112152
0 0.3787926137447357
0 0.20095066726207733
0 0.44052115082740784
0 0.12147749215364456
0 0.17014752328395844
0 0.3805944621562958
0 0.24088047444820404
0 0.24604105949401855
0 0.22156016528606415
0 0.1946718394756317
0 0.250537633895874
0 0.39736565947532654
0 0.29553595185279846
0 0.20550206303596497
0 0.2413261979818344
0 0.20093658566474915
0 0.1693490892648697
0 0.4377868175506592
0 0.27452051639556885
0 0.11038694530725479
0 0.14944256842136383
0 0.2878689169883728
0 0.34072479605674744
0 0.20978419482707977
0 0.47829025983810425
0 0.13015100359916687
0 0.22170864045619965
0 0.10928269475698471
0 0.1315634548664093
0 0.2601277828216553
0 0.17971129715442657
0 0.19594831764698029
0 0.18332582712173462
0 0.23840093612670898
0 0.24736769497394562
0 0.1190376877784729
0 0.23881712555885315
0 0.13317586481571198
0 0.219072625041008
0 0.2585517466068268
0 0.36353015899658203
0 0.1485113650560379
0 0.34422868490219116
0 0.2584402859210968
0 0.16419543325901031
0 0.09755810350179672
0 0.1504521369934082
0 0.19237221777439117
0 0.30371740460395813
0 0.09945469349622726
0 0.27055975794792175
0 0.12230831384658813
0 0.4279780387878418
0 0.2649589478969574
0 0.47577911615371704
0 0.2113146036863327
0 0.13534541428089142
0 0.16245876252651215
0 0.2987048625946045
0 0.16488175094127655
0 0.1405503749847412
0 0.22803080081939697
0 0.13625644147396088
0 0.13161501288414001
0 0.1075831949710846
0 0.11980515718460083
0 0.14951640367507935
0 0.10682360082864761
0 0.17630921304225922
0 0.1822844296693802
0 0.3470069468021393
0 0.13284176588058472
0 0.1170152872800827
0 0.17055828869342804
0 0.1532471776008606
0 0.12900421023368835
0 0.13781245052814484
0 0.10166041553020477
0 0.3282269835472107
0 0.27357959747314453
0 0.09993993490934372
0 0.0820973590016365
0 0.09245631843805313
0 0.05444992333650589
0 0.17794251441955566
0 0.07529912143945694
0 0.27402937412261963
0 0.21008343994617462
0 0.14884614944458008
0 0.2818613648414612
0 0.10910506546497345
0 0.2032390534877777
0 0.1256069391965866
0 0.2585267126560211
0 0.15407492220401764
0 0.12065794318914413
0 0.171895369887352
0 0.17271190881729126
0 0.09564220160245895
0 0.16289250552654266
0 0.10182270407676697
0 0.14965875446796417
0 0.11719119548797607
0 0.2079339325428009
0 0.3240586817264557
0 0.14494076371192932
0 0.2885586619377136
0 0.11546947062015533
0 0.180355504155159
0 0.15931135416030884
0 0.04287281632423401
0 0.15998457372188568
0 0.1462705433368683
0 0.28481435775756836
0 0.24707181751728058
0 0.11711958050727844
0 0.33684486150741577
0 0.10415872931480408
0 0.12539468705654144
0 0.1864301860332489
0 0.16355489194393158
0 0.07545703649520874
0 0.10120435059070587
0 0.20307320356369019
0 0.13701564073562622
0 0.19147096574306488
0 0.12812897562980652
0 0.1684383600950241
0 0.08366452157497406
0 0.1734934151172638
0 0.16989628970623016
0 0.2322389781475067
0 0.1608142852783203
0 0.27627986669540405
0 0.1432093381881714
0 0.22838516533374786
0 0.13624513149261475
0 0.16041527688503265
0 0.3723381757736206
0 0.21733726561069489
0 0.11210788041353226
0 0.08700267225503922
0 0.16590221226215363
0 0.15108641982078552
0 0.3070049583911896
0 0.08352277427911758
0 0.15114746987819672
0 0.08582700043916702
0 0.1473289430141449
0 0.05345514044165611
0 0.13305522501468658
0 0.10376434028148651
0 0.1322692185640335
0 0.17539440095424652
0 0.20133964717388153
0 0.19360017776489258
0 0.20215560495853424
0 0.19962000846862793
0 0.12403616309165955
0 0.18391144275665283
0 0.13068073987960815
0 0.1840304434299469
0 0.11166601628065109
0 0.20854605734348297
0 0.14160706102848053
0 0.1310737431049347
0 0.13753585517406464
0 0.24056662619113922
0 0.36841559410095215
0 0.26301848888397217
0 0.2214118093252182
0 0.22512780129909515
0 0.19527360796928406
0 0.09395432472229004
0 0.04183460772037506
0 0.11553409695625305
0 0.07740102708339691
0 0.07554682344198227
0 0.17035721242427826
0 0.19700469076633453
0 0.09420483559370041
0 0.22745825350284576
0 0.177700474858284
0 0.07795785367488861
0 0.03878253325819969
0 0.07404016703367233
0 0.11534006893634796
0 0.08838433027267456
0 0.061113081872463226
0 0.11295433342456818
0 0.10989955812692642
0 0.13454413414001465
0 0.1433105170726776
0 0.08350230008363724
0 0.0799567773938179
0 0.14279086887836456
0 0.1304914653301239
0 0.10855187475681305
0 0.15456537902355194
0 0.06840908527374268
0 0.19201533496379852
0 0.10313083976507187
0 0.25192275643348694
0 0.06775104254484177
0 0.2474074810743332
0 0.14655271172523499
0 0.2803107500076294
0 0.16838562488555908
0 0.10570364445447922
0 0.10021547973155975
0 0.09375057369470596
0 0.12398863583803177
0 0.09857088327407837
0 0.10626676678657532
0 0.1484115570783615
0 0.06909269094467163
0 0.14883385598659515
0 0.10918603837490082
0 0.14731959998607635
0 0.0683354064822197
0 0.22394706308841705
0 0.08481701463460922
0 0.1612003892660141
0 0.3494627773761749
0 0.16844533383846283
0 0.21594759821891785
0 0.062331248074769974
0 0.0750625878572464
0 0.10200054198503494
0 0.0794670432806015
0 0.08299759030342102
0 0.13653968274593353
0 0.07694511860609055
0 0.08750345557928085
0 0.13763821125030518
0 0.13635629415512085
0 0.3122888207435608
0 0.22990043461322784
0 0.05181394889950752
0 0.23675543069839478
0 0.1612975001335144
0 0.11756480485200882
0 0.11289254575967789
0 0.26087290048599243
0 0.04401978477835655
0 0.15863512456417084
0 0.12517952919006348
0 0.1202680915594101
0 0.2373296469449997
0 0.10849618166685104
0 0.1750931590795517
0 0.06186923012137413
0 0.048608262091875076
0 0.10274828225374222
0 0.12652981281280518
0 0.06753326207399368
0 0.16416364908218384
0 0.20128999650478363
0 0.44127193093299866
0 0.281645268201828
0 0.1859995722770691
0 0.10959610342979431
0 0.050209105014801025
0 0.05952886864542961
0 0.18272215127944946
0 0.16207751631736755
0 0.12649711966514587
0 0.2004033625125885
0 0.22391076385974884
0 0.0776703879237175
0 0.0433451272547245
0 0.08243298530578613
0 0.02900232933461666
0 0.04722381755709648
0 0.113922119140625
0 0.1196439117193222
0 0.1720460057258606
0 0.08328878879547119
0 0.30745503306388855
0 0.06605444848537445
0 0.11837218701839447
0 0.04967319220304489
0 0.08576560020446777
0 0.1388300210237503
0 0.11460093408823013
0 0.08348660171031952
0 0.07155527919530869
0 0.1535695344209671
0 0.07326622307300568
0 0.2626923620700836
0 0.21208268404006958
0 0.08251279592514038
0 0.07907818257808685
0 0.05923270806670189
0 0.19414690136909485
0 0.16354715824127197
0 0.13080143928527832
0 0.07578600943088531
0 0.09831975400447845
0 0.07173193991184235
0 0.01772102154791355
0 0.06483729928731918
0 0.08211497962474823
0 0.15046009421348572
0 0.10075007379055023
0 0.047558292746543884
0 0.20295417308807373
0 0.0701150968670845
0 0.21214812994003296
0 0.05861571803689003
0 0.05520489811897278
0 0.024516088888049126
0 0.19303788244724274
0 0.11123167723417282
0 0.057991012930870056
0 0.2218114733695984
0 0.06331488490104675
0 0.12704363465309143
0 0.05658624693751335
0 0.06245555728673935
0 0.040185023099184036
0 0.051685772836208344
0 0.04793824255466461
0 0.11729197204113007
0 0.06379049271345139
0 0.14429889619350433
0 0.03976317122578621
0 0.035010505467653275
0 0.057849325239658356
0 0.095893494784832
0 0.10555512458086014
0 0.02332751266658306
0 0.11165031790733337
0 0.09117502719163895
0 0.02327641099691391
0 0.129816934466362
0 0.16868136823177338
0 0.12658551335334778
0 0.029243305325508118
0 0.035218995064496994
0 0.06424820423126221
0 0.07008983194828033
0 0.054191648960113525
0 0.05656011775135994
0 0.030842626467347145
0 0.07248913496732712
0 0.10327481478452682
0 0.08301251381635666
0 0.13516899943351746
0 0.17365120351314545
0 0.046066705137491226
0 0.08692672103643417
0 0.17941361665725708
0 0.04161398485302925
0 0.16881518065929413
0 0.1814611256122589
0 0.1506599485874176
0 0.07639364153146744
0 0.054282788187265396
0 0.06543362140655518
0 0.14174480736255646
0 0.11024128645658493
0 0.06693342328071594
0 0.1842850297689438
0 0.11099357903003693
0 0.1099686324596405
0 0.02096696011722088
0 0.030120976269245148
0 0.08186006546020508
0 0.15435117483139038
0 0.15329164266586304
0 0.11646755784749985
0 0.1868492066860199
0 0.16033102571964264
0 0.05988767743110657
0 0.11877885460853577
0 0.1052243560552597
0 0.17646092176437378
0 0.1140575036406517
0 0.03353944793343544
0 0.07426118105649948
0 0.08399982005357742
0 0.017295874655246735
0 0.07046671211719513
0 0.027549153193831444
0 0.0527782142162323
0 0.13512873649597168
0 0.04545615613460541
0 0.12401534616947174
0 0.07771135866641998
0 0.0676603615283966
0 0.09657425433397293
0 0.08396656811237335
0 0.126761332154274
0 0.08397359400987625
0 0.0107008321210742
0 0.036806099116802216
0 0.04594022408127785
0 0.03093622624874115
0 0.03623554855585098
0 0.04646844044327736
0 0.160567969083786
0 0.12436174601316452
0 0.11851948499679565
0 0.09971794486045837
0 0.1593855321407318
0 0.059563957154750824
0 0.16581891477108002
0 0.08593141287565231
0 0.023411259055137634
0 0.13197340071201324
0 0.051211558282375336
0 0.045784853398799896
0 0.08377807587385178
0 0.038530632853507996
0 0.1653965711593628
0 0.14875075221061707
0 0.0718722715973854
0 0.04677272588014603
0 0.07611455768346786
0 0.13623152673244476
0 0.1749318242073059
0 0.04426739364862442
0 0.12084803730249405
0 0.028718508780002594
0 0.07120725512504578
0 0.07939298450946808
0 0.07702074199914932
0 0.037396956235170364
0 0.04197601228952408
0 0.11707830429077148
0 0.11996874958276749
0 0.12178632616996765
0 0.11201994866132736
0 0.07078347355127335
0 0.1109534353017807
0 0.09497300535440445
0 0.05765850096940994
0 0.06353161484003067
0 0.061269860714673996
0 0.053588200360536575
0 0.04232056811451912
0 0.05781766027212143
0 0.08953416347503662
0 0.050112105906009674
0 0.08193075656890869
0 0.08801650255918503
0 0.05953611060976982
0 0.04839572682976723
0 0.2194296419620514
0 0.05980638787150383
0 0.020943963900208473
0 0.02242794632911682
0 0.013856311328709126
0 0.19173875451087952
0 0.04414120316505432
0 0.08809520304203033
0 0.028178658336400986
0 0.025742067024111748
0 0.03652586415410042
0 0.04738731309771538
0 0.26446428894996643
0 0.1909702867269516
0 0.08230346441268921
0 0.13404853641986847
0 0.02503475733101368
0 0.0366625115275383
0 0.037664059549570084
0 0.07865793257951736
0 0.08431346714496613
0 0.17695774137973785
0 0.07759351283311844
0 0.08958520740270615
0 0.03794295713305473
0 0.18223373591899872
0 0.11551101505756378
0 0.028636280447244644
0 0.026456769555807114
0 0.10904037207365036
0 0.03036515787243843
0 0.06342044472694397
0 0.04170649126172066
0 0.06199795752763748
0 0.01781417615711689
0 0.021454188972711563
0 0.02450975589454174
0 0.08100724965333939
0 0.14686688780784607
0 0.1355675607919693
0 0.10398232191801071
0 0.028323333710432053
0 0.08644519746303558
0 0.03968718275427818
0 0.19200021028518677
0 0.019461615011096
0 0.08550744503736496
0 0.11577875912189484
0 0.03536120057106018
0 0.06322725117206573
0 0.0479653924703598
0 0.037370000034570694
0 0.08292589336633682
0 0.08792085945606232
0 0.15834110975265503
0 0.1376471072435379
0 0.014558096416294575
0 0.046034641563892365
0 0.13693657517433167
0 0.07442630082368851
0 0.03430981934070587
0 0.08848100155591965
0 0.11036588251590729
0 0.06006576493382454
0 0.05357937887310982
0 0.07273181527853012
0 0.07479389011859894
0 0.05584312975406647
0 0.02737824246287346
0 0.21899572014808655
0 0.07962590456008911
0 0.075417660176754
0 0.1942228525876999
0 0.1304130107164383
0 0.05397083982825279
0 0.0886576697230339
0 0.2864890396595001
0 0.1167970597743988
0 0.04384303465485573
0 0.024050071835517883
0 0.03785280883312225
0 0.061090026050806046
0 0.0621858574450016
0 0.053570203483104706
0 0.025162551552057266
0 0.03646676242351532
0 0.009789420291781425
0 0.035585738718509674
0 0.17676760256290436
0 0.08950472623109818
0 0.028000738471746445
0 0.05228970944881439
0 0.053349193185567856
0 0.02106550708413124
0 0.12804953753948212
0 0.047584790736436844
0 0.09546347707509995
0 0.03980338200926781
0 0.11548270285129547
0 0.029146544635295868
0 0.07755064964294434
0 0.1230008453130722
0 0.048704806715250015
0 0.06931313872337341
0 0.15219131112098694
0 0.023082982748746872
0 0.07959400117397308
0 0.13538292050361633
0 0.03002941980957985
0 0.1093340590596199
0 0.19658209383487701
0 0.24316388368606567
0 0.06668879836797714
0 0.08842277526855469
0 0.03660789877176285
0 0.07004699110984802
0 0.14399446547031403
0 0.06597848981618881
0 0.06773138791322708
0 0.12819130718708038
0 0.1323719471693039
0 0.09180274605751038
0 0.013517542742192745
0 0.10039383172988892
0 0.04649866372346878
0 0.01194104552268982
0 0.27076783776283264
0 0.04349684715270996
0 0.027574846521019936
0 0.020189806818962097
0 0.10844359546899796
0 0.06628934293985367
0 0.047904979437589645
0 0.12835735082626343
0 0.060625459998846054
0 0.121486134827137
0 0.04426175728440285
0 0.05102821812033653
0 0.10446051508188248
0 0.11034899204969406
0 0.08672145009040833
0 0.08105862140655518
0 0.09217777103185654
0 0.06130439043045044
0 0.07437048107385635
0 0.017379244789481163
0 0.08403346687555313
0 0.07093487679958344
0 0.01798967644572258
0 0.05189549922943115
0 0.0895763635635376
0 0.04774826020002365
0 0.05769903585314751
0 0.02318015694618225
0 0.029426269233226776
0 0.01937446929514408
0 0.0363464429974556
0 0.059196602553129196
0 0.07295349985361099
0 0.16475385427474976
0 0.05029851570725441
0 0.04613547399640083
0 0.07202933728694916
0 0.16482965648174286
0 0.03773258253931999
0 0.042201071977615356
0 0.06675847619771957
0 0.002989966655150056
0 0.16644755005836487
0 0.024496115744113922
0 0.05625132471323013
0 0.04845406860113144
0 0.07200828939676285
0 0.07099488377571106
0 0.06962651014328003
0 0.10214193165302277
0 0.03847150877118111
0 0.14393958449363708
0 0.017213555052876472
0 0.027714626863598824
0 0.03347291797399521
0 0.11467134952545166
0 0.15283682942390442
0 0.05238323286175728
0 0.013440916314721107
0 0.0359065979719162
0 0.03032822534441948
0 0.09819216281175613
0 0.06864970177412033
0 0.12630236148834229
0 0.014176161959767342
0 0.041906509548425674
0 0.05853753909468651
0 0.030907627195119858
0 0.06072987988591194
0 0.04235266521573067
0 0.10894796252250671
0 0.02256801538169384
0 0.07732877135276794
0 0.059419870376586914
0 0.12413594871759415
0 0.04919373244047165
0 0.06192989647388458
0 0.02337685413658619
0 0.07300733774900436
0 0.021538978442549706
0 0.054462723433971405
0 0.10387229919433594
0 0.03464716300368309
0 0.11553208529949188
0 0.014516839757561684
0 0.03729851171374321
0 0.031080732122063637
0 0.03960636258125305
0 0.10089799761772156
0 0.10978864878416061
0 0.03146277368068695
0 0.17960716784000397
0 0.015148458071053028
0 0.09452847391366959
0 0.03319849073886871
0 0.04291753098368645
0 0.03840284049510956
0 0.07030488550662994
0 0.08044762909412384
0 0.11325262486934662
0 0.15347984433174133
0 0.022106265649199486
0 0.03729047626256943
0 0.1257050335407257
0 0.2284926325082779
0 0.09627185016870499
0 0.03355925530195236
0 0.04048697277903557
0 0.028525928035378456
0 0.11709916591644287
0 0.10325973480939865
0 0.1678500473499298
0 0.10256881266832352
0 0.06374460458755493
0 0.10760167986154556
0 0.031531285494565964
0 0.04374874383211136
0 0.028512079268693924
0 0.029534704983234406
0 0.044894989579916
0 0.09638576209545135
0 0.019664525985717773
0 0.016706183552742004
0 0.04930304363369942
0 0.11232995986938477
0 0.0860653892159462
0 0.07503959536552429
0 0.13343742489814758
0 0.005462323781102896
0 0.13174301385879517
0 0.12359673529863358
0 0.030587254092097282
0 0.043599605560302734
0 0.06537477672100067
0 0.032413966953754425
0 0.04754176363348961
0 0.048972226679325104
0 0.02296370454132557
0 0.1252404898405075
0 0.036067914217710495
0 0.03393907472491264
0 0.04657549411058426
0 0.07296960055828094
0 0.018032938241958618
0 0.04047518968582153
0 0.13843169808387756
0 0.08520863205194473
0 0.13483427464962006
0 0.15206286311149597
0 0.12610022723674774
0 0.06205267459154129
0 0.09654704481363297
0 0.04182770103216171
0 0.11595187336206436
0 0.09066282212734222
0 0.03886370360851288
0 0.06488267332315445
0 0.07496458292007446
0 0.25438281893730164
0 0.029591498896479607
0 0.09827947616577148
0 0.024292992427945137
0 0.1279764473438263
0 0.07348477840423584
0 0.0516035221517086
0 0.036888547241687775
0 0.030334314331412315
0 0.019879819825291634
0 0.06729970872402191
0 0.261593759059906
0 0.10977964848279953
0 0.05469131842255592
0 0.06366846710443497
0 0.1734474003314972
0 0.15070490539073944
0 0.03905831649899483
0 0.05451708287000656
0 0.012309576384723186
0 0.023255474865436554
0 0.08864634484052658
0 0.01663702353835106
0 0.027017764747142792
0 0.024612370878458023
0 0.12168590724468231
0 0.044225383549928665
0 0.060823630541563034
0 0.06115783005952835
0 0.05042564496397972
0 0.04344964399933815
0 0.08462604880332947
0 0.06445728987455368
0 0.13115938007831573
0 0.12422848492860794
0 0.1487692892551422
0 0.06573950499296188
0 0.04947216063737869
0 0.13108612596988678
0 0.1025390699505806
0 0.09945371001958847
0 0.0335206463932991
0 0.039930131286382675
0 0.04930422827601433
0 0.02826113998889923
0 0.16588521003723145
0 0.011096561327576637
0 0.016342466697096825
0 0.06850565969944
0 0.08635124564170837
0 0.04370350390672684
0 0.04279160872101784
0 0.04917488992214203
0 0.034540802240371704
0 0.10068341344594955
0 0.06739965081214905
0 0.07242729514837265
0 0.008588377386331558
0 0.014829419553279877
0 0.04727238789200783
0 0.07811031490564346
0 0.09498154371976852
0 0.0662536770105362
0 0.08007068186998367
0 0.021711569279432297
0 0.035693392157554626
0 0.019662953913211823
0 0.12871821224689484
0 0.008755295537412167
0 0.04506586492061615
0 0.03532405570149422
0 0.08691234886646271
0 0.04497859254479408
0 0.08412567526102066
0 0.013679823838174343
0 0.10824497044086456
