0 2.299757480621338
0 2.30477237701416
0 2.262036085128784
0 2.2774412631988525
0 2.22340726852417
0 2.2297301292419434
0 2.228412628173828
0 2.1663477420806885
0 2.119372844696045
0 2.0806519985198975
0 2.0587685108184814
0 2.0495176315307617
0 1.9771250486373901
0 1.9538731575012207
0 1.8560611009597778
0 1.8001980781555176
0 1.7353711128234863
0 1.6862374544143677
0 1.5647677183151245
0 1.5111364126205444
0 1.3596975803375244
0 1.2934978008270264
0 1.2468090057373047
0 1.2198328971862793
0 1.1598737239837646
0 0.9217160940170288
0 0.8973483443260193
0 0.8360750675201416
0 0.8598142862319946
0 0.7064604163169861
0 0.652249276638031
0 0.618319034576416
0 0.6780876517295837
0 0.6959879994392395
0 0.5466907620429993
0 0.8242857456207275
0 0.6596584916114807
0 0.6614527702331543
0 0.6151663064956665
0 0.47135499119758606
0 0.6001192331314087
0 0.52031409740448
0 0.44411176443099976
0 0.5093640685081482
0 0.49399349093437195
0 0.3667151629924774
0 0.5382698774337769
0 0.40193235874176025
0 0.4198724329471588
0 0.3789566457271576
0 0.3352063298225403
0 0.5404534339904785
0 0.48782169818878174
0 0.6678313612937927
0 0.6011061072349548
0 0.3925879895687103
0 0.3078102469444275
0 0.41853007674217224
0 0.2313876748085022
0 0.36555907130241394
0 0.34829604625701904
0 0.21393075585365295
0 0.37381798028945923
0 0.36647462844848633
0 0.5009300708770752
0 0.3043510913848877
0 0.3205515444278717
0 0.33201953768730164
0 0.48909467458724976
0 0.15995146334171295
0 0.46699756383895874
0 0.24461038410663605
0 0.5275602340698242
0 0.4116206467151642
0 0.3100895583629608
0 0.22021210193634033
0 0.3591615557670593
0 0.3250330686569214
0 0.25918591022491455
0 0.3737143576145172
0 0.36442944407463074
0 0.22038580477237701
0 0.3305986821651459
0 0.23155507445335388
0 0.15912191569805145
0 0.367065966129303
0 0.2751110792160034
0 0.24278981983661652
0 0.2785773277282715
0 0.37517014145851135
0 0.16806916892528534
0 0.20940138399600983
0 0.36155402660369873
0 0.15356414020061493
0 0.2773778736591339
0 0.27294328808784485
0 0.13180682063102722
0 0.2779139280319214
0 0.2536084055900574
0 0.4022413492202759
0 0.16633786261081696
0 0.2583012282848358
0 0.23426584899425507
0 0.1338089555501938
0 0.3046022355556488
0 0.24339012801647186
0 0.33810386061668396
0 0.4298880994319916
0 0.2555356025695801
0 0.23812568187713623
0 0.26257431507110596
0 0.24048598110675812
0 0.20299670100212097
0 0.0986843928694725
0 0.36487913131713867
0 0.2167322188615799
0 0.2503415644168854
0 0.23883898556232452
0 0.3215864598751068
0 0.34204933047294617
0 0.22832928597927094
0 0.1332562118768692
0 0.3904225826263428
0 0.3060223162174225
0 0.13242021203041077
0 0.2980597913265228
0 0.2643682658672333
0 0.37469762563705444
0 0.2580867409706116
0 0.18308646976947784
0 0.26195991039276123
0 0.22845028340816498
0 0.4236433804035187
0 0.2629445195198059
0 0.14249661564826965
0 0.21898356080055237
0 0.08668625354766846
0 0.2121439427137375
0 0.16489721834659576
0 0.2484767884016037
0 0.08701996505260468
0 0.14914852380752563
0 0.12833990156650543
0 0.10676266252994537
0 0.2911558151245117
0 0.3503056466579437
0 0.23555059731006622
0 0.28716251254081726
0 0.24444885551929474
0 0.19974897801876068
0 0.3191138505935669
0 0.24107326567173004
0 0.3287753760814667
0 0.28746533393859863
0 0.391136109828949
0 0.19907189905643463
0 0.23652492463588715
0 0.19686183333396912
0 0.20036081969738007
0 0.1335200071334839
0 0.19126607477664948
0 0.20263314247131348
0 0.22185799479484558
0 0.16064104437828064
0 0.2323681116104126
0 0.2964484393596649
0 0.3458153307437897
0 0.17526152729988098
0 0.1471536010503769
0 0.11940047889947891
0 0.23723363876342773
0 0.1776648759841919
0 0.12934453785419464
0 0.10882233083248138
0 0.2315129041671753
0 0.3439689576625824
0 0.17664757370948792
0 0.2700765132904053
0 0.20775216817855835
0 0.14683155715465546
0 0.3183216452598572
0 0.15284566581249237
0 0.21721985936164856
0 0.12312980741262436
0 0.34175610542297363
0 0.14379744231700897
0 0.25403207540512085
0 0.23639118671417236
0 0.1476694643497467
0 0.18659928441047668
0 0.09754108637571335
0 0.1473209708929062
0 0.0981450080871582
0 0.11100874841213226
0 0.21304851770401
0 0.10824672877788544
0 0.21141956746578217
0 0.19267913699150085
0 0.27671167254447937
0 0.1856366991996765
0 0.23902201652526855
0 0.27839386463165283
0 0.09692292660474777
0 0.2514984905719757
0 0.1431570053100586
0 0.13239890336990356
0 0.15493552386760712
0 0.2925620973110199
0 0.12364457547664642
0 0.11790145933628082
0 0.20477408170700073
0 0.11897899210453033
0 0.12856841087341309
0 0.10578478872776031
0 0.10085722804069519
0 0.10791036486625671
0 0.18776540458202362
0 0.16134770214557648
0 0.29873237013816833
0 0.19685012102127075
0 0.11327199637889862
0 0.1518656313419342
0 0.13851945102214813
0 0.3039298355579376
0 0.1832078993320465
0 0.25076258182525635
0 0.14821593463420868
0 0.19205337762832642
0 0.19931170344352722
0 0.050615344196558
0 0.14860785007476807
0 0.21311724185943604
0 0.20552372932434082
0 0.30643343925476074
0 0.10606471449136734
0 0.24731554090976715
0 0.11414316296577454
0 0.0989050343632698
0 0.22678978741168976
0 0.05731847882270813
0 0.14004817605018616
0 0.10308735072612762
0 0.07345655560493469
0 0.19827109575271606
0 0.11197489500045776
0 0.11898091435432434
0 0.17230218648910522
0 0.1739642322063446
0 0.1311633437871933
0 0.25227946043014526
0 0.1494700312614441
0 0.09562531113624573
0 0.16170372068881989
0 0.13518625497817993
0 0.26285043358802795
0 0.1794704645872116
0 0.20591701567173004
0 0.0740446224808693
0 0.12559041380882263
0 0.10636426508426666
0 0.09556807577610016
0 0.23698686063289642
0 0.20952415466308594
0 0.1884477436542511
0 0.25189220905303955
0 0.19550804793834686
0 0.13471083343029022
0 0.06499649584293365
0 0.12916256487369537
0 0.16128510236740112
0 0.044383883476257324
0 0.22591832280158997
0 0.09083740413188934
0 0.2121143639087677
0 0.07083000987768173
0 0.1854579895734787
0 0.18955086171627045
0 0.08854677528142929
0 0.12250387668609619
0 0.1349238157272339
0 0.09741318970918655
0 0.074180006980896
0 0.3185059130191803
0 0.1320236772298813
0 0.07589148730039597
0 0.09254911541938782
0 0.09713485091924667
0 0.12286074459552765
0 0.10548398643732071
0 0.2880520522594452
0 0.140649676322937
0 0.14625392854213715
0 0.17245569825172424
0 0.11535360664129257
0 0.2072535902261734
0 0.059882547706365585
0 0.19478362798690796
0 0.22619150578975677
0 0.4136897325515747
0 0.20841805636882782
0 0.1377769261598587
0 0.11810829490423203
0 0.07073632627725601
0 0.15157459676265717
0 0.1271088719367981
0 0.10428699851036072
0 0.07641474157571793
0 0.1593918651342392
0 0.14592894911766052
0 0.09753148257732391
0 0.06783800572156906
0 0.05320436507463455
0 0.049071524292230606
0 0.055162157863378525
0 0.1667451411485672
0 0.04830053076148033
0 0.05033399537205696
0 0.14061236381530762
0 0.09377343952655792
0 0.10626816749572754
0 0.2883453667163849
0 0.10011398047208786
0 0.1670837253332138
0 0.14287766814231873
0 0.11301867663860321
0 0.20132623612880707
0 0.15266142785549164
0 0.22565937042236328
0 0.07395365089178085
0 0.10404141247272491
0 0.18576037883758545
0 0.08982136845588684
0 0.0746874287724495
0 0.16196030378341675
0 0.1405308097600937
0 0.17980103194713593
0 0.12906502187252045
0 0.0711497813463211
0 0.033194199204444885
0 0.11298933625221252
0 0.09871380031108856
0 0.19790440797805786
0 0.08026818186044693
0 0.12809500098228455
0 0.08542908728122711
0 0.0508481040596962
0 0.08268465846776962
0 0.11298319697380066
0 0.13336431980133057
0 0.08766244351863861
0 0.2729068696498871
0 0.15710458159446716
0 0.27232247591018677
0 0.12077581882476807
0 0.1821146160364151
0 0.1505860686302185
0 0.11739013344049454
0 0.09479700028896332
0 0.09081205725669861
0 0.11472364515066147
0 0.15317973494529724
0 0.1385786533355713
0 0.25696539878845215
0 0.10975226759910583
0 0.1332559734582901
0 0.14207296073436737
0 0.09790666401386261
0 0.04477377235889435
0 0.1521913856267929
0 0.04048917070031166
0 0.09179066121578217
0 0.0812014788389206
0 0.07202901691198349
0 0.1255437433719635
0 0.0680011585354805
0 0.26495835185050964
0 0.08182349801063538
0 0.09482814371585846
0 0.09009864926338196
0 0.12001264840364456
0 0.03045598976314068
0 0.05587738752365112
0 0.1122904047369957
0 0.209164559841156
0 0.1873549222946167
0 0.0631776824593544
0 0.08225394040346146
0 0.08872854709625244
0 0.09763752669095993
0 0.08509573340415955
0 0.06562395393848419
0 0.11934097111225128
0 0.07237749546766281
0 0.1579783856868744
0 0.06103341281414032
0 0.06652281433343887
0 0.08233518898487091
0 0.08502290397882462
0 0.09833236783742905
0 0.10078812390565872
0 0.05621187761425972
0 0.1644710749387741
0 0.062060169875621796
0 0.04205581173300743
0 0.03468295559287071
0 0.03092876262962818
0 0.15383608639240265
0 0.05941573530435562
0 0.09696018695831299
0 0.1296420842409134
0 0.12303833663463593
0 0.15381090342998505
0 0.058653153479099274
0 0.25014054775238037
0 0.0767800584435463
0 0.07992872595787048
0 0.08631011098623276
0 0.02791655994951725
0 0.06005286052823067
0 0.08432082086801529
0 0.23009508848190308
0 0.1297137439250946
0 0.21349337697029114
0 0.16973228752613068
0 0.17263798415660858
0 0.11941483616828918
0 0.07356555014848709
0 0.1953057199716568
0 0.06147589907050133
0 0.09563309699296951
0 0.029132509604096413
0 0.11110170185565948
0 0.07295964658260345
0 0.045779161155223846
0 0.10851724445819855
0 0.035062212496995926
0 0.05447063595056534
0 0.05468008667230606
0 0.05799339711666107
0 0.10161837935447693
0 0.10410115867853165
0 0.14230681955814362
0 0.1788584291934967
0 0.15365926921367645
0 0.08933097869157791
0 0.051027774810791016
0 0.08052875101566315
0 0.1781277060508728
0 0.05618574842810631
0 0.048972781747579575
0 0.2661570906639099
0 0.22558027505874634
0 0.08610303699970245
0 0.07277821004390717
0 0.2610589563846588
0 0.1158820241689682
0 0.08019804209470749
0 0.08131825178861618
0 0.10019664466381073
0 0.035703420639038086
0 0.07506213337182999
0 0.261844664812088
0 0.08497386425733566
0 0.12560585141181946
0 0.050508055835962296
0 0.07961810380220413
0 0.07882490009069443
0 0.19925928115844727
0 0.07380618900060654
0 0.116002656519413
0 0.06812377274036407
0 0.0813242495059967
0 0.029253527522087097
0 0.10898611694574356
0 0.05238299444317818
0 0.03835083171725273
0 0.04074520990252495
0 0.06922468543052673
0 0.12628860771656036
0 0.06145787239074707
0 0.12918010354042053
0 0.058184895664453506
0 0.2446729689836502
0 0.2560781240463257
0 0.05651633441448212
0 0.15361346304416656
0 0.06344952434301376
0 0.08348099887371063
0 0.04525891691446304
0 0.2594740688800812
0 0.19937224686145782
0 0.09669427573680878
0 0.0743403211236
0 0.047623809427022934
0 0.16515421867370605
0 0.06982900202274323
0 0.18261709809303284
0 0.11248073726892471
0 0.3360503017902374
0 0.1878308355808258
0 0.14102591574192047
0 0.07237128168344498
0 0.11379718035459518
0 0.02079060859978199
0 0.08907391875982285
0 0.012431620620191097
0 0.10560547560453415
0 0.14999544620513916
0 0.12210328876972198
0 0.053161729127168655
0 0.0663282498717308
0 0.05433344095945358
0 0.04507067799568176
0 0.03786621615290642
0 0.07752597332000732
0 0.13112734258174896
0 0.11939844489097595
0 0.3108956813812256
0 0.09063728898763657
0 0.12938277423381805
0 0.051233239471912384
0 0.04613419249653816
0 0.11980359256267548
0 0.04497237876057625
0 0.08106207847595215
0 0.07456706464290619
0 0.06247382611036301
0 0.02791532129049301
0 0.08751703798770905
0 0.044453125447034836
0 0.17699100077152252
0 0.03327789157629013
0 0.06462256610393524
0 0.14094999432563782
0 0.059035129845142365
0 0.058213792741298676
0 0.033439699560403824
0 0.12062635272741318
0 0.05856820195913315
0 0.11532950401306152
0 0.1362643837928772
0 0.04148102179169655
0 0.05439592897891998
0 0.0382969044148922
0 0.09897811710834503
0 0.07266464084386826
0 0.0292490404099226
0 0.1563904732465744
0 0.15464578568935394
0 0.03785960003733635
0 0.112682044506073
0 0.07509158551692963
0 0.07528121769428253
0 0.037382662296295166
0 0.1431245356798172
0 0.059821996837854385
0 0.11587788909673691
0 0.08399995416402817
0 0.09061256051063538
0 0.18948422372341156
0 0.04995798319578171
0 0.08517111092805862
0 0.022100122645497322
0 0.02912716753780842
0 0.11603391915559769
0 0.04944150522351265
0 0.041829850524663925
0 0.11593417078256607
0 0.08682391047477722
0 0.10311660170555115
0 0.13770067691802979
0 0.057532716542482376
0 0.0384395532310009
0 0.09434967488050461
0 0.03170067444443703
0 0.1132756695151329
0 0.10645346343517303
0 0.1083976998925209
0 0.056147828698158264
0 0.010313345119357109
0 0.08210591226816177
0 0.14418905973434448
0 0.06782355159521103
0 0.04269592463970184
0 0.13515913486480713
0 0.05007551610469818
0 0.11151722818613052
0 0.03408877179026604
0 0.030795130878686905
0 0.08315511792898178
0 0.040889911353588104
0 0.1425543576478958
0 0.03266109153628349
0 0.10259293019771576
0 0.07074086368083954
0 0.07793727517127991
0 0.10947168618440628
0 0.06851083040237427
0 0.08243701606988907
0 0.09243618696928024
0 0.02615080028772354
0 0.08775696903467178
0 0.05527302995324135
0 0.013264303095638752
0 0.11153822392225266
0 0.08287911862134933
0 0.10932353883981705
0 0.055020224303007126
0 0.0744938775897026
0 0.08435068279504776
0 0.06031901389360428
0 0.04991118982434273
0 0.05579562485218048
0 0.1883869618177414
0 0.09513876587152481
0 0.06783817708492279
0 0.1366473138332367
0 0.054148849099874496
0 0.04589783027768135
0 0.04772958904504776
0 0.2006986290216446
0 0.05271739512681961
0 0.09897705167531967
0 0.01687576062977314
0 0.05382885783910751
0 0.04290100559592247
0 0.024774933233857155
0 0.0621793270111084
0 0.10475806891918182
0 0.127704918384552
0 0.31428271532058716
0 0.05330636724829674
0 0.17876611649990082
0 0.03457548841834068
0 0.040221553295850754
0 0.10696087032556534
0 0.06824050098657608
0 0.028846587985754013
0 0.02242550067603588
0 0.11375927180051804
0 0.07103531062602997
0 0.026509666815400124
0 0.22670182585716248
0 0.14107003808021545
0 0.16463305056095123
0 0.06695160269737244
0 0.1238836720585823
0 0.13347803056240082
0 0.05878113955259323
0 0.06773770600557327
0 0.028006892651319504
0 0.03698769584298134
0 0.05707164108753204
0 0.04395466670393944
0 0.06907626241445541
0 0.024779751896858215
0 0.03956807032227516
0 0.0490521602332592
0 0.0965971127152443
0 0.05627064034342766
0 0.04159637168049812
0 0.05547668784856796
0 0.02557171694934368
0 0.10979396104812622
0 0.09854612499475479
0 0.04134523496031761
0 0.021409928798675537
0 0.07505054771900177
0 0.06901565194129944
0 0.0639258623123169
0 0.04539673030376434
0 0.1753053367137909
0 0.12740552425384521
0 0.011377625167369843
0 0.04686713218688965
0 0.20200921595096588
0 0.0990062728524208
0 0.02478444017469883
0 0.14980179071426392
0 0.08511140942573547
0 0.12033282220363617
0 0.03166131302714348
0 0.05938069522380829
0 0.09194917976856232
0 0.09113426506519318
0 0.16345450282096863
0 0.05319651588797569
0 0.11592955887317657
0 0.18657186627388
0 0.06965497881174088
0 0.050282057374715805
0 0.05986693128943443
0 0.051246222108602524
0 0.10137291997671127
0 0.05585620924830437
0 0.08003901690244675
0 0.11884051561355591
0 0.22940462827682495
0 0.10034868866205215
0 0.05339447781443596
0 0.08227168768644333
0 0.02376536652445793
0 0.043069951236248016
0 0.049070995301008224
0 0.04423043876886368
0 0.01478496938943863
0 0.025625312700867653
0 0.08588412404060364
0 0.05062802508473396
0 0.06745925545692444
0 0.04871317371726036
0 0.06618981808423996
0 0.07337048649787903
0 0.022369977086782455
0 0.11489742994308472
0 0.05763614922761917
0 0.04091886058449745
0 0.02852429449558258
0 0.06502997875213623
0 0.012734395451843739
0 0.05418263003230095
0 0.08659546822309494
0 0.16062070429325104
0 0.04382692649960518
0 0.02693679928779602
0 0.018369784578680992
0 0.0730176642537117
0 0.13989993929862976
0 0.11516114324331284
0 0.03128310292959213
0 0.12070901691913605
0 0.09785641729831696
0 0.03842611610889435
0 0.06978323310613632
0 0.04391522705554962
0 0.04588068276643753
0 0.11885813623666763
0 0.042208895087242126
0 0.03613458201289177
0 0.09044013172388077
0 0.11274243891239166
0 0.11383696645498276
0 0.04765385016798973
0 0.04150921478867531
0 0.09238548576831818
0 0.0328846201300621
0 0.036973513662815094
0 0.08777774125337601
0 0.06016568839550018
0 0.07699058949947357
0 0.04085820913314819
0 0.02868301421403885
0 0.08098413050174713
0 0.08606429398059845
0 0.123236745595932
0 0.15907879173755646
0 0.15222911536693573
0 0.028929216787219048
0 0.1068836972117424
0 0.03175437077879906
0 0.16621553897857666
0 0.011318476870656013
0 0.03362921252846718
0 0.13976174592971802
0 0.11868548393249512
0 0.06613671779632568
0 0.06109172850847244
0 0.02368065156042576
0 0.19238071143627167
0 0.17368797957897186
0 0.11633278429508209
0 0.04206647723913193
0 0.01731356978416443
0 0.013263734988868237
0 0.05825819447636604
0 0.019784677773714066
0 0.05289863795042038
0 0.09127230942249298
0 0.12095528095960617
0 0.10446379333734512
0 0.1271778643131256
0 0.023512542247772217
0 0.05481487140059471
0 0.05013587698340416
0 0.016269667074084282
0 0.1131649911403656
0 0.04984276741743088
0 0.0273803249001503
0 0.07991652935743332
0 0.0177177544683218
0 0.10357832908630371
0 0.0964476466178894
0 0.21844954788684845
0 0.11534111201763153
0 0.06907566636800766
0 0.04869472607970238
0 0.10824723541736603
0 0.044489536434412
0 0.0794447809457779
0 0.06611812114715576
0 0.031183073297142982
0 0.05401376262307167
0 0.10005083680152893
0 0.09605121612548828
0 0.10584889352321625
0 0.033137351274490356
0 0.08473502099514008
0 0.03259307146072388
0 0.026266712695360184
0 0.06263715773820877
0 0.03790857642889023
0 0.034821927547454834
0 0.10262975096702576
0 0.0612403005361557
0 0.11034845560789108
0 0.05222494527697563
0 0.07162212580442429
0 0.11564768850803375
0 0.006079923827201128
0 0.04241771623492241
0 0.022570909932255745
0 0.1895066648721695
0 0.018811006098985672
0 0.05638039484620094
0 0.07544135302305222
0 0.02864249236881733
0 0.03541283681988716
0 0.01111351978033781
0 0.05460628867149353
0 0.11012622714042664
0 0.1650390625
0 0.04853648692369461
0 0.08106178790330887
0 0.013572631403803825
0 0.016276804730296135
0 0.06720207631587982
0 0.03007117658853531
0 0.1310042291879654
0 0.05361708998680115
0 0.03833327442407608
0 0.08507160097360611
0 0.014632981270551682
0 0.020750926807522774
0 0.07221411168575287
0 0.05818234011530876
0 0.06946872174739838
0 0.010504305362701416
0 0.021957483142614365
0 0.07966333627700806
0 0.07164303958415985
0 0.062132932245731354
0 0.136844202876091
0 0.013407423160970211
0 0.07200715690851212
0 0.02622259221971035
0 0.11874433606863022
0 0.10279273241758347
0 0.03310928866267204
0 0.025859680026769638
0 0.010353514924645424
0 0.1314854472875595
0 0.02504848688840866
0 0.02098783664405346
0 0.08221407979726791
0 0.0780465379357338
0 0.028622150421142578
0 0.018106525763869286
0 0.033962544053792953
0 0.04644874483346939
0 0.09666743129491806
0 0.01874290406703949
0 0.0915350541472435
0 0.11846379190683365
0 0.07378128170967102
0 0.07687629014253616
0 0.16585910320281982
0 0.13050608336925507
0 0.051464956253767014
0 0.020237352699041367
0 0.05150405317544937
0 0.021674366667866707
0 0.04961666092276573
0 0.053655702620744705
0 0.09613215923309326
0 0.025672372430562973
0 0.01497505884617567
0 0.016863882541656494
0 0.015650590881705284
0 0.022067280486226082
0 0.022853130474686623
0 0.11737912893295288
0 0.024526851251721382
0 0.02093789353966713
0 0.06599367409944534
0 0.025456015020608902
0 0.028606504201889038
0 0.03168652206659317
0 0.16633111238479614
0 0.02371654286980629
0 0.2437342405319214
0 0.009777659550309181
0 0.10226333141326904
0 0.026686429977416992
0 0.07311131805181503
0 0.020350974053144455
0 0.074567511677742
0 0.008747672662138939
0 0.02914891019463539
0 0.08431151509284973
0 0.01603739894926548
0 0.09967200458049774
0 0.05718676745891571
0 0.030829673632979393
0 0.026152150705456734
0 0.028308037668466568
0 0.1268874704837799
0 0.04877570644021034
0 0.08965692669153214
0 0.3459363281726837
0 0.02431495487689972
0 0.040766771882772446
0 0.15083499252796173
0 0.06317320466041565
0 0.05851280689239502
0 0.036537136882543564
0 0.11645098030567169
0 0.030730443075299263
0 0.09498652070760727
0 0.09469008445739746
0 0.011871865019202232
0 0.014388401061296463
0 0.02712450921535492
0 0.049995534121990204
0 0.057906296104192734
0 0.14412756264209747
0 0.03318966552615166
0 0.025758108124136925
0 0.1729108989238739
0 0.02001330815255642
