1 2.3075
2 2.2789
3 2.2031
4 2.0384
5 1.9829
6 1.7127
7 1.8263
8 1.5561
9 1.3225
10 1.2868
11 0.9703
12 0.8730
13 0.9028
14 0.7495
15 0.4439
16 1.0433
17 0.4408
18 0.5991
19 0.4663
20 0.8575
21 0.6489
22 0.5016
23 0.4926
24 1.1973
25 0.6440
26 0.6022
27 0.6647
28 0.6726
29 0.5279
30 0.6889
31 0.5803
32 0.4490
33 0.4699
34 0.3536
35 0.1737
36 0.4636
37 0.8713
38 0.2145
39 0.5018
40 0.1691
41 0.2481
42 0.5450
43 0.3903
44 0.3782
45 0.2325
46 0.1483
47 0.5521
48 0.3117
49 0.1916
50 0.2492
51 0.2541
52 0.3376
53 0.2877
54 0.2716
55 0.2798
56 0.0413
57 0.2341
58 0.3815
59 0.2427
60 0.1559
61 0.2541
62 0.4236
63 0.1531
64 0.1751
65 0.2689
66 0.0573
67 0.0831
68 0.4683
69 0.3375
70 0.2829
71 0.2562
72 0.3675
73 0.3508
74 0.1007
75 0.4597
76 0.2125
77 0.3103
78 0.3161
79 0.1791
80 0.3519
81 0.1474
82 0.5552
83 0.2141
84 0.2698
85 0.4199
86 0.2950
87 0.2010
88 0.1797
89 0.1124
90 0.2828
91 0.1065
92 0.2206
93 0.5352
94 0.0834
95 0.1389
96 0.0759
97 0.0924
98 0.0529
99 0.1158
100 0.0843
101 0.1922
102 0.2189
103 0.2006
104 0.2677
105 0.0588
106 0.1569
107 0.1597
108 0.0611
109 0.3402
110 0.5136
111 0.3304
112 0.3045
113 0.1271
114 0.3086
115 0.4246
116 0.3749
117 0.2727
118 0.1242
119 0.3434
120 0.4332
121 0.3191
122 0.2507
123 0.1985
124 0.1497
125 0.3507
126 0.1454
127 0.0951
128 0.3460
129 0.1072
130 0.2542
131 0.0576
132 0.2378
133 0.1019
134 0.1344
135 0.1020
136 0.3728
137 0.1609
138 0.1605
139 0.5293
140 0.0924
141 0.2279
142 0.1759
143 0.3473
144 0.2375
145 0.1555
146 0.1726
147 0.0410
148 0.0614
149 0.2739
150 0.0686
151 0.2654
152 0.0455
153 0.0881
154 0.0963
155 0.0652
156 0.2007
157 0.0778
158 0.0718
159 0.1372
160 0.2200
161 0.1837
162 0.2824
163 0.0274
164 0.1116
165 0.1634
166 0.0299
167 0.2081
168 0.1526
169 0.1465
170 0.0614
171 0.1515
172 0.0599
173 0.2203
174 0.1253
175 0.0670
176 0.0682
177 0.0592
178 0.2254
179 0.2991
180 0.1553
181 0.4070
182 0.3041
183 0.1271
184 0.1551
185 0.1267
186 0.2413
187 0.1336
188 0.0977
189 0.1496
190 0.0906
191 0.0915
192 0.4068
193 0.1974
194 0.2119
195 0.1340
196 0.2278
197 0.0889
198 0.1566
199 0.1852
200 0.1961
201 0.3001
202 0.0808
203 0.0762
204 0.1675
205 0.1564
206 0.0592
207 0.0573
208 0.0967
209 0.0731
210 0.1173
211 0.1559
212 0.0665
213 0.0421
214 0.2353
215 0.0416
216 0.0647
217 0.0387
218 0.2180
219 0.1949
220 0.2177
221 0.0076
222 0.2288
223 0.0227
224 0.1251
225 0.1531
226 0.0875
227 0.1528
228 0.1918
229 0.4635
230 0.0274
231 0.3276
232 0.1697
233 0.0430
234 0.0844
235 0.0693
236 0.2490
237 0.2111
238 0.1200
239 0.0794
240 0.1449
241 0.1457
242 0.1159
243 0.0599
244 0.0838
245 0.2951
246 0.0313
247 0.1356
248 0.2279
249 0.2656
250 0.1721
251 0.0693
252 0.1454
253 0.0652
254 0.1469
255 0.2849
256 0.0634
257 0.2806
258 0.1692
259 0.0336
260 0.1415
261 0.0548
262 0.1693
263 0.0243
264 0.0475
265 0.0616
266 0.0737
267 0.2024
268 0.0995
269 0.1222
270 0.0727
271 0.0473
272 0.0243
273 0.1735
274 0.1279
275 0.0825
276 0.1707
277 0.1595
278 0.0638
279 0.0113
280 0.0431
281 0.1924
282 0.0962
283 0.0271
284 0.0929
285 0.2194
286 0.1475
287 0.0318
288 0.0548
289 0.2845
290 0.0320
291 0.1098
292 0.0068
293 0.1376
294 0.0206
295 0.4519
296 0.1152
297 0.0227
298 0.2752
299 0.5577
300 0.1768
301 0.0140
302 0.1073
303 0.1529
304 0.2342
305 0.1372
306 0.1801
307 0.0614
308 0.0618
309 0.0537
310 0.0299
311 0.1433
312 0.0693
313 0.1233
314 0.0276
315 0.1053
316 0.0787
317 0.1641
318 0.1920
319 0.0398
320 0.0326
321 0.0549
322 0.0273
323 0.0512
324 0.0127
325 0.0210
326 0.0441
327 0.3493
328 0.0373
329 0.1335
330 0.0426
331 0.0803
332 0.1136
333 0.0128
334 0.1642
335 0.1111
336 0.1070
337 0.0375
338 0.2144
339 0.0102
340 0.3333
341 0.0313
342 0.0690
343 0.1635
344 0.1454
345 0.0267
346 0.1886
347 0.0056
348 0.0485
349 0.2799
350 0.2286
351 0.0852
352 0.3214
353 0.0292
354 0.0567
355 0.1515
356 0.0980
357 0.0855
358 0.0613
359 0.1540
360 0.0590
361 0.1981
362 0.2084
363 0.0353
364 0.1413
365 0.0414
366 0.0975
367 0.0929
368 0.0138
369 0.0832
370 0.0494
371 0.0545
372 0.0171
373 0.0743
374 0.0593
375 0.0314
376 0.0168
377 0.0251
378 0.0848
379 0.0510
380 0.0239
381 0.0095
382 0.2750
383 0.0045
384 0.0889
385 0.2596
386 0.0288
387 0.1706
388 0.0857
389 0.0443
390 0.0481
391 0.0173
392 0.0714
393 0.0403
394 0.3066
395 0.0570
396 0.0151
397 0.1241
398 0.2571
399 0.1420
400 0.1396
401 0.1125
402 0.0219
403 0.1065
404 0.0537
405 0.0260
406 0.1218
407 0.1266
408 0.2233
409 0.0743
410 0.0312
411 0.0434
412 0.0052
413 0.1022
414 0.1558
415 0.1159
416 0.0258
417 0.2124
418 0.0352
419 0.1563
420 0.0943
421 0.2168
422 0.0034
423 0.0164
424 0.1006
425 0.0478
426 0.1647
427 0.1094
428 0.3607
429 0.0074
430 0.0461
431 0.0624
432 0.2973
433 0.0061
434 0.0090
435 0.2046
436 0.1379
437 0.0687
438 0.0627
439 0.0683
440 0.0878
441 0.0729
442 0.0264
443 0.0139
444 0.0765
445 0.0188
446 0.0664
447 0.0804
448 0.2918
449 0.0078
450 0.0459
451 0.1114
452 0.0359
453 0.2067
454 0.2293
455 0.0631
456 0.0209
457 0.4420
458 0.1575
459 0.0982
460 0.0459
461 0.0538
462 0.1229
463 0.0148
464 0.0516
465 0.1478
466 0.0393
467 0.0264
468 0.1235
469 0.3687
470 0.0399
471 0.0185
472 0.1980
473 0.0503
474 0.0209
475 0.0757
476 0.1695
477 0.0221
478 0.1384
479 0.0400
480 0.0207
481 0.0815
482 0.4061
483 0.1360
484 0.0405
485 0.0718
486 0.0636
487 0.3093
488 0.0639
489 0.0349
490 0.1243
491 0.0947
492 0.0586
493 0.0215
494 0.0244
495 0.1811
496 0.0748
497 0.0149
498 0.1276
499 0.0502
500 0.0426
501 0.0983
502 0.0741
503 0.2069
504 0.0377
505 0.0840
506 0.0294
507 0.0211
508 0.1661
509 0.0312
510 0.0644
511 0.0315
512 0.2259
513 0.3091
514 0.0114
515 0.0386
516 0.0122
517 0.0082
518 0.1970
519 0.0402
520 0.0429
521 0.1923
522 0.0067
523 0.0414
524 0.0084
525 0.1807
526 0.0053
527 0.0720
528 0.0204
529 0.0700
530 0.0399
531 0.0235
532 0.3104
533 0.1882
534 0.0297
535 0.1426
536 0.2957
537 0.2295
538 0.0998
539 0.1668
540 0.0644
541 0.0769
542 0.0378
543 0.0850
544 0.1145
545 0.0231
546 0.0498
547 0.0623
548 0.0071
549 0.0546
550 0.0425
551 0.1096
552 0.0553
553 0.0574
554 0.0658
555 0.0450
556 0.0368
557 0.0158
558 0.1637
559 0.0057
560 0.0786
561 0.1202
562 0.1610
563 0.0852
564 0.0145
565 0.0060
566 0.0141
567 0.0434
568 0.0722
569 0.1140
570 0.0107
571 0.0196
572 0.0165
573 0.0503
574 0.0079
575 0.1545
576 0.1264
577 0.0193
578 0.0281
579 0.0604
580 0.0332
581 0.0207
582 0.0458
583 0.0169
584 0.1432
585 0.1988
586 0.0702
587 0.0081
588 0.0679
589 0.0845
590 0.3054
591 0.0659
592 0.0971
593 0.1821
594 0.0174
595 0.2260
596 0.0026
597 0.0670
598 0.0721
599 0.0936
600 0.0091
601 0.0110
602 0.1099
603 0.0154
604 0.0814
605 0.0865
606 0.0533
607 0.1025
608 0.0825
609 0.2297
610 0.0038
611 0.0108
612 0.2089
613 0.2022
614 0.0406
615 0.2954
616 0.0140
617 0.0528
618 0.0858
619 0.0605
620 0.0892
621 0.1793
622 0.2148
623 0.0342
624 0.0487
625 0.0504
626 0.0418
627 0.0076
628 0.0189
629 0.1057
630 0.0683
631 0.1758
632 0.0805
633 0.0122
634 0.0187
635 0.1978
636 0.0503
637 0.0654
638 0.0444
639 0.0091
640 0.1789
641 0.0502
642 0.0504
643 0.0292
644 0.0306
645 0.1994
646 0.0359
647 0.1512
648 0.0039
649 0.0631
650 0.0334
651 0.1169
652 0.1504
653 0.0088
654 0.0497
655 0.0263
656 0.0065
657 0.0595
658 0.0777
659 0.0602
660 0.0041
661 0.1603
662 0.0337
663 0.1404
664 0.0589
665 0.0111
666 0.3698
667 0.0710
668 0.1975
669 0.0185
670 0.0059
671 0.0118
672 0.0070
673 0.0049
674 0.0312
675 0.0695
676 0.1190
677 0.0503
678 0.0248
679 0.0335
680 0.2348
681 0.0093
682 0.0120
683 0.0165
684 0.2032
685 0.2929
686 0.0353
687 0.1787
688 0.0113
689 0.0460
690 0.0859
691 0.0281
692 0.1470
693 0.0535
694 0.2098
695 0.0601
696 0.0130
697 0.0095
698 0.0594
699 0.2893
700 0.0327
701 0.0762
702 0.1552
703 0.2377
704 0.0335
705 0.0475
706 0.0630
707 0.0995
708 0.0999
709 0.0437
710 0.0900
711 0.0258
712 0.0381
713 0.0084
714 0.0112
715 0.0818
716 0.0888
717 0.0385
718 0.1447
719 0.0096
720 0.5061
721 0.1085
722 0.1330
723 0.0042
724 0.0256
725 0.0879
726 0.0125
727 0.1437
728 0.1620
729 0.1280
730 0.1831
731 0.0089
732 0.0377
733 0.0068
734 0.0033
735 0.1462
736 0.0122
737 0.0467
738 0.0083
739 0.0645
740 0.1291
741 0.0969
742 0.0400
743 0.1078
744 0.2315
745 0.1086
746 0.0833
747 0.0804
748 0.0132
749 0.0525
750 0.2167
751 0.0191
752 0.0178
753 0.0030
754 0.0204
755 0.0095
756 0.0454
757 0.0723
758 0.1190
759 0.0080
760 0.0239
761 0.0831
762 0.1292
763 0.0035
764 0.0880
765 0.0292
766 0.1374
767 0.0843
768 0.2369
769 0.0883
770 0.1465
771 0.0730
772 0.0087
773 0.1278
774 0.0482
775 0.0188
776 0.0694
777 0.0670
778 0.0277
779 0.1024
780 0.0956
781 0.0232
782 0.0469
783 0.0132
784 0.0341
785 0.1171
786 0.0274
787 0.1032
788 0.0122
789 0.0220
790 0.0131
791 0.0489
792 0.0347
793 0.0992
794 0.0047
795 0.0055
796 0.1630
797 0.0928
798 0.1620
799 0.0279
800 0.0168
801 0.0112
802 0.0127
803 0.3344
804 0.0084
805 0.1877
806 0.0354
807 0.2717
808 0.0131
809 0.0587
810 0.0278
811 0.0941
812 0.0284
813 0.0067
814 0.2557
815 0.0179
816 0.0146
817 0.0313
818 0.0241
819 0.0095
820 0.1557
821 0.1509
822 0.1066
823 0.1017
824 0.0032
825 0.0222
826 0.0030
827 0.0279
828 0.2238
829 0.0604
830 0.0560
831 0.1279
832 0.1188
833 0.0819
834 0.1510
835 0.1476
836 0.0680
837 0.1203
838 0.0030
839 0.0117
840 0.0807
841 0.0089
842 0.0132
843 0.0080
844 0.0052
845 0.4995
846 0.1143
847 0.0426
848 0.0306
849 0.0188
850 0.0481
851 0.0478
852 0.0620
853 0.0369
854 0.1994
855 0.1654
856 0.0371
857 0.0983
858 0.1253
859 0.0828
860 0.0026
861 0.1145
862 0.0388
863 0.1093
864 0.0271
865 0.0045
866 0.0086
867 0.2576
868 0.1424
869 0.0174
870 0.2003
871 0.0326
872 0.2120
873 0.0218
874 0.1006
875 0.0233
876 0.0713
877 0.0346
878 0.3296
879 0.1213
880 0.0104
881 0.0977
882 0.0760
883 0.0065
884 0.2012
885 0.0221
886 0.0301
887 0.0849
888 0.0275
889 0.0029
890 0.0315
891 0.0329
892 0.0024
893 0.0015
894 0.0687
895 0.0371
896 0.0364
897 0.0036
898 0.1937
899 0.0023
900 0.0607
901 0.0233
902 0.0035
903 0.0165
904 0.0304
905 0.0821
906 0.1620
907 0.0214
908 0.0052
909 0.0231
910 0.0349
911 0.0067
912 0.0200
913 0.0047
914 0.0275
915 0.0309
916 0.0061
917 0.0081
918 0.0425
919 0.0108
920 0.0814
921 0.1049
922 0.2177
923 0.0402
924 0.0741
925 0.0048
926 0.0927
927 0.0144
928 0.0551
929 0.0049
930 0.0129
931 0.0452
932 0.0497
933 0.0261
934 0.0122
935 0.0141
936 0.0737
937 0.2319
938 0.0525
939 0.1149
940 0.0021
941 0.1060
942 0.0678
943 0.0669
944 0.0036
945 0.0101
946 0.3248
947 0.0432
948 0.1467
949 0.1607
950 0.0186
951 0.0230
952 0.0261
953 0.0411
954 0.1132
955 0.0160
956 0.1062
957 0.1145
958 0.1904
959 0.0195
960 0.0157
961 0.2388
962 0.0108
963 0.0068
964 0.0047
965 0.0489
966 0.0220
967 0.0183
968 0.0058
969 0.0699
970 0.0196
971 0.0418
972 0.0599
973 0.0276
974 0.0286
975 0.0690
976 0.0469
977 0.0070
978 0.0204
979 0.0006
980 0.2040
981 0.2605
982 0.0740
983 0.0399
984 0.0627
985 0.0950
986 0.0807
987 0.0031
988 0.0342
989 0.0015
990 0.1190
991 0.1072
992 0.3390
993 0.0026
994 0.1250
995 0.1665
996 0.1652
997 0.1060
998 0.0109
999 0.0350
1000 0.0063
1001 0.0043
1002 0.1412
1003 0.0144
1004 0.0015
1005 0.1619
1006 0.0629
1007 0.0101
1008 0.0749
1009 0.1140
1010 0.0270
1011 0.0083
1012 0.0398
1013 0.0869
1014 0.0220
1015 0.0057
1016 0.0312
1017 0.0057
1018 0.0046
1019 0.0027
1020 0.0741
1021 0.0110
1022 0.1471
1023 0.0242
1024 0.2806
1025 0.0091
1026 0.0336
1027 0.0758
1028 0.0083
1029 0.0295
1030 0.0461
1031 0.0318
1032 0.0062
1033 0.2204
1034 0.0073
1035 0.0651
1036 0.0216
1037 0.1288
1038 0.0162
1039 0.1833
1040 0.0359
1041 0.0129
1042 0.0075
1043 0.0026
1044 0.0108
1045 0.0874
1046 0.1448
1047 0.0149
1048 0.0398
1049 0.0406
1050 0.0131
1051 0.1183
1052 0.1695
1053 0.0103
1054 0.0246
1055 0.0061
1056 0.0954
1057 0.0051
1058 0.0180
1059 0.0372
1060 0.0863
1061 0.0634
1062 0.0010
1063 0.0031
1064 0.0576
1065 0.0118
1066 0.2809
1067 0.0591
1068 0.0458
1069 0.1445
1070 0.0042
1071 0.1364
1072 0.0244
1073 0.0813
1074 0.0110
1075 0.0419
1076 0.0805
1077 0.1215
1078 0.0747
1079 0.0344
1080 0.0238
1081 0.0067
1082 0.0172
1083 0.0193
1084 0.0011
1085 0.0081
1086 0.0186
1087 0.0052
1088 0.0521
1089 0.0196
1090 0.0665
1091 0.0092
1092 0.1303
1093 0.1181
1094 0.2349
1095 0.0100
1096 0.0381
1097 0.0023
1098 0.0128
1099 0.0054
1100 0.0524
1101 0.0054
1102 0.0081
1103 0.3024
1104 0.0755
1105 0.1357
1106 0.2980
1107 0.1220
1108 0.0013
1109 0.0856
1110 0.0789
1111 0.0065
1112 0.0052
1113 0.0139
1114 0.0120
1115 0.0066
1116 0.0518
1117 0.0174
1118 0.0374
1119 0.0833
1120 0.0309
1121 0.0243
1122 0.0019
1123 0.0611
1124 0.0121
1125 0.0557
1126 0.0341
1127 0.0843
1128 0.0108
1129 0.0020
1130 0.0054
1131 0.1279
1132 0.1332
1133 0.0048
1134 0.0115
1135 0.0042
1136 0.0035
1137 0.0029
1138 0.0966
1139 0.0287
1140 0.0056
1141 0.0098
1142 0.0016
1143 0.0303
1144 0.0102
1145 0.1676
1146 0.1827
1147 0.0403
1148 0.0108
1149 0.0069
1150 0.0260
1151 0.0044
1152 0.0269
1153 0.0123
1154 0.0068
1155 0.0060
1156 0.0621
1157 0.0067
1158 0.0136
1159 0.0770
1160 0.0254
1161 0.0131
1162 0.0138
1163 0.0103
1164 0.0005
1165 0.2331
1166 0.0887
1167 0.0962
1168 0.0108
1169 0.0011
1170 0.0076
1171 0.2048
1172 0.0318
1173 0.0077
1174 0.0525
1175 0.0497
1176 0.0734
1177 0.3830
1178 0.0039
1179 0.0109
1180 0.0046
1181 0.0015
1182 0.0010
1183 0.0127
1184 0.1775
1185 0.0520
1186 0.0489
1187 0.0119
1188 0.0020
1189 0.0360
1190 0.0464
1191 0.0551
1192 0.0069
1193 0.1218
1194 0.0125
1195 0.0670
1196 0.1790
1197 0.2405
1198 0.0417
1199 0.0208
1200 0.0727
1201 0.5735
1202 0.0793
1203 0.0479
1204 0.0056
1205 0.0253
1206 0.0259
1207 0.0776
1208 0.0189
1209 0.0332
1210 0.0167
1211 0.0099
1212 0.0088
1213 0.0473
1214 0.0043
1215 0.1799
1216 0.0539
1217 0.1062
1218 0.0222
1219 0.3742
1220 0.0097
1221 0.1947
1222 0.1445
1223 0.0062
1224 0.0501
1225 0.0907
1226 0.1166
1227 0.0155
1228 0.1259
1229 0.0381
1230 0.0323
1231 0.2559
1232 0.0482
1233 0.0254
1234 0.0670
1235 0.0430
1236 0.0572
1237 0.0211
1238 0.0214
1239 0.0064
1240 0.1047
1241 0.0371
1242 0.0177
1243 0.0440
1244 0.0811
1245 0.0925
1246 0.0681
1247 0.0188
1248 0.0004
1249 0.0866
1250 0.0021
1251 0.0231
1252 0.0009
1253 0.0018
1254 0.0065
1255 0.0603
1256 0.0070
1257 0.1144
1258 0.0434
1259 0.1038
1260 0.0025
1261 0.0975
1262 0.0795
1263 0.0656
1264 0.0458
1265 0.0697
1266 0.0090
1267 0.0201
1268 0.1180
1269 0.1150
1270 0.0043
1271 0.0152
1272 0.0074
1273 0.0862
1274 0.0025
1275 0.0070
1276 0.0110
1277 0.0044
1278 0.0329
1279 0.0145
1280 0.0269
1281 0.0007
1282 0.0009
1283 0.1746
1284 0.0133
1285 0.0062
1286 0.0125
1287 0.0023
1288 0.0491
1289 0.0160
1290 0.0040
1291 0.1165
1292 0.0003
1293 0.0945
1294 0.3265
1295 0.0004
1296 0.0350
1297 0.0057
1298 0.0026
1299 0.0152
1300 0.0589
1301 0.0270
1302 0.1635
1303 0.0312
1304 0.3260
1305 0.0504
1306 0.0515
1307 0.0261
1308 0.0149
1309 0.0072
1310 0.1165
1311 0.0108
1312 0.0189
1313 0.3486
1314 0.0013
1315 0.1654
1316 0.0519
1317 0.0183
1318 0.1248
1319 0.0482
1320 0.0429
1321 0.0065
1322 0.0160
1323 0.0440
1324 0.0080
1325 0.0150
1326 0.0562
1327 0.0476
1328 0.0428
1329 0.0347
1330 0.0139
1331 0.0348
1332 0.0021
1333 0.2478
1334 0.0186
1335 0.0033
1336 0.0582
1337 0.0037
1338 0.0982
1339 0.0078
1340 0.0011
1341 0.0325
1342 0.0098
1343 0.0253
1344 0.0123
1345 0.0307
1346 0.1108
1347 0.0826
1348 0.0050
1349 0.1776
1350 0.0948
1351 0.0254
1352 0.0046
1353 0.0281
1354 0.0043
1355 0.0035
1356 0.1300
1357 0.0069
1358 0.0763
1359 0.0024
1360 0.1616
1361 0.0216
1362 0.2628
1363 0.0030
1364 0.0108
1365 0.1152
1366 0.0141
1367 0.0357
1368 0.0481
1369 0.0328
1370 0.0502
1371 0.0089
1372 0.0019
1373 0.0044
1374 0.1690
1375 0.0388
1376 0.0169
1377 0.0085
1378 0.0022
1379 0.0603
1380 0.1580
1381 0.0124
1382 0.0305
1383 0.0017
1384 0.0019
1385 0.0055
1386 0.0974
1387 0.1668
1388 0.0096
1389 0.1960
1390 0.0660
1391 0.0071
1392 0.0239
1393 0.0197
1394 0.0410
1395 0.1626
1396 0.0196
1397 0.1619
1398 0.0500
1399 0.0570
1400 0.1496
1401 0.0566
1402 0.0120
1403 0.0468
1404 0.0742
1405 0.0045
1406 0.0174
1407 0.0045
1408 0.0122
1409 0.0169
1410 0.0095
1411 0.0075
1412 0.3316
1413 0.0357
1414 0.2165
1415 0.0841
1416 0.0770
1417 0.0533
1418 0.1090
1419 0.0860
1420 0.0332
1421 0.0773
1422 0.0340
1423 0.0023
1424 0.0146
1425 0.1478
1426 0.0133
1427 0.0256
1428 0.0059
1429 0.0646
1430 0.0104
1431 0.0270
1432 0.0135
1433 0.2131
1434 0.0062
1435 0.2196
1436 0.0473
1437 0.0072
1438 0.0204
1439 0.2144
1440 0.0101
1441 0.2171
1442 0.0674
1443 0.0190
1444 0.0360
1445 0.0650
1446 0.0118
1447 0.0434
1448 0.0215
1449 0.0063
1450 0.0075
1451 0.0389
1452 0.0398
1453 0.0480
1454 0.0068
1455 0.0779
1456 0.1112
1457 0.0992
1458 0.0111
1459 0.0058
1460 0.1208
1461 0.0024
1462 0.2071
1463 0.1533
1464 0.0623
1465 0.0237
1466 0.0346
1467 0.0156
1468 0.0895
1469 0.0054
1470 0.1647
1471 0.1314
1472 0.0494
1473 0.0204
1474 0.0556
1475 0.0299
1476 0.0763
1477 0.0169
1478 0.0188
1479 0.0344
1480 0.0792
1481 0.0134
1482 0.0010
1483 0.0082
1484 0.0724
1485 0.0595
1486 0.0094
1487 0.0089
1488 0.0022
1489 0.0014
1490 0.2227
1491 0.0078
1492 0.0040
1493 0.0198
1494 0.0021
1495 0.0088
1496 0.0209
1497 0.1181
1498 0.0126
1499 0.0238
1500 0.3953
1501 0.0302
1502 0.0083
1503 0.0033
1504 0.0248
1505 0.0378
1506 0.0482
1507 0.0100
1508 0.1307
1509 0.0122
1510 0.0658
1511 0.2985
1512 0.0778
1513 0.0491
1514 0.0197
1515 0.3000
1516 0.0115
1517 0.1625
1518 0.0042
1519 0.1405
1520 0.1384
1521 0.0283
1522 0.0802
1523 0.0070
1524 0.1089
1525 0.0282
1526 0.0064
1527 0.1474
1528 0.0049
1529 0.1148
1530 0.1767
1531 0.0029
1532 0.0048
1533 0.0087
1534 0.1317
1535 0.0582
1536 0.0183
1537 0.1589
1538 0.0735
1539 0.0442
1540 0.0019
1541 0.0908
1542 0.0149
1543 0.1027
1544 0.0087
1545 0.0464
1546 0.1477
1547 0.0530
1548 0.0210
1549 0.0045
1550 0.1228
1551 0.1749
1552 0.0040
1553 0.1090
1554 0.0120
1555 0.0014
1556 0.0337
1557 0.0336
1558 0.0488
1559 0.0269
1560 0.0017
1561 0.0991
1562 0.0011
1563 0.0191
1564 0.0536
1565 0.0038
1566 0.0723
1567 0.0019
1568 0.0155
1569 0.0142
1570 0.0207
1571 0.0043
1572 0.0010
1573 0.3076
1574 0.0401
1575 0.1394
1576 0.0043
1577 0.0155
1578 0.0463
1579 0.0445
1580 0.0012
1581 0.1261
1582 0.0047
1583 0.0341
1584 0.0374
1585 0.0120
1586 0.0049
1587 0.1976
1588 0.1638
1589 0.0004
1590 0.2044
1591 0.0614
1592 0.0293
1593 0.0005
1594 0.0050
1595 0.0038
1596 0.1155
1597 0.0066
1598 0.0474
1599 0.0034
1600 0.0105
1601 0.0239
1602 0.0172
1603 0.0366
1604 0.0011
1605 0.0230
1606 0.0581
1607 0.0009
1608 0.0341
1609 0.0238
1610 0.0593
1611 0.0395
1612 0.0789
1613 0.0014
1614 0.0052
1615 0.0015
1616 0.0159
1617 0.0456
1618 0.0067
1619 0.0862
1620 0.0009
1621 0.0044
1622 0.0727
1623 0.1377
1624 0.0032
1625 0.0072
1626 0.0164
1627 0.2126
1628 0.0099
1629 0.1538
1630 0.0042
1631 0.0366
1632 0.0095
1633 0.0117
1634 0.1003
1635 0.0058
1636 0.0132
1637 0.0035
1638 0.0029
1639 0.2238
1640 0.0161
1641 0.0015
1642 0.0093
1643 0.0751
1644 0.0697
1645 0.0347
1646 0.0096
1647 0.2106
1648 0.0453
1649 0.0128
1650 0.2761
1651 0.0207
1652 0.0512
1653 0.0284
1654 0.0046
1655 0.0798
1656 0.0959
1657 0.0142
1658 0.0019
1659 0.0122
1660 0.2019
1661 0.0087
1662 0.0061
1663 0.2419
1664 0.0182
1665 0.0024
1666 0.1896
1667 0.1304
1668 0.1392
1669 0.0217
1670 0.0110
1671 0.3083
1672 0.3423
1673 0.0179
1674 0.0263
1675 0.0089
1676 0.0118
1677 0.0158
1678 0.0058
1679 0.0237
1680 0.0266
1681 0.0134
1682 0.0122
1683 0.0495
1684 0.0282
1685 0.0048
1686 0.1290
1687 0.0041
1688 0.0860
1689 0.0284
1690 0.0568
1691 0.2436
1692 0.0379
1693 0.1867
1694 0.0131
1695 0.0272
1696 0.0254
1697 0.0576
1698 0.0006
1699 0.3001
1700 0.0505
1701 0.0026
1702 0.0174
1703 0.0989
1704 0.3079
1705 0.0031
1706 0.0117
1707 0.1119
1708 0.0482
1709 0.0302
1710 0.0141
1711 0.0158
1712 0.0151
1713 0.0058
1714 0.0047
1715 0.0194
1716 0.1233
1717 0.1277
1718 0.0550
1719 0.0693
1720 0.0247
1721 0.0281
1722 0.0017
1723 0.1338
1724 0.0106
1725 0.2374
1726 0.0007
1727 0.0533
1728 0.0173
1729 0.0814
1730 0.0038
1731 0.0130
1732 0.0122
1733 0.0218
1734 0.0863
1735 0.0415
1736 0.0515
1737 0.0024
1738 0.0703
1739 0.0016
1740 0.0414
1741 0.2671
1742 0.0080
1743 0.0389
1744 0.0023
1745 0.0136
1746 0.0354
1747 0.0123
1748 0.0016
1749 0.0087
1750 0.3145
1751 0.1681
1752 0.0030
1753 0.0687
1754 0.0409
1755 0.0040
1756 0.0049
1757 0.0078
1758 0.0024
1759 0.0629
1760 0.0216
1761 0.0037
1762 0.0658
1763 0.0054
1764 0.0155
1765 0.0049
1766 0.0935
1767 0.0150
1768 0.0523
1769 0.0947
1770 0.0084
1771 0.1262
1772 0.0254
1773 0.0591
1774 0.0663
1775 0.0983
1776 0.1497
1777 0.0015
1778 0.0044
1779 0.0112
1780 0.0141
1781 0.0008
1782 0.0415
1783 0.0095
1784 0.5152
1785 0.1076
1786 0.0243
1787 0.0082
1788 0.0081
1789 0.0182
1790 0.0249
1791 0.0254
1792 0.0155
1793 0.0060
1794 0.0056
1795 0.0135
1796 0.1806
1797 0.0239
1798 0.1571
1799 0.0084
1800 0.0859
1801 0.0131
1802 0.0556
1803 0.0284
1804 0.0023
1805 0.0079
1806 0.0858
1807 0.0079
1808 0.0064
1809 0.0047
1810 0.0013
1811 0.0057
1812 0.0315
1813 0.1202
1814 0.0582
1815 0.0211
1816 0.0013
1817 0.2256
1818 0.0720
1819 0.0080
1820 0.0357
1821 0.0600
1822 0.0527
1823 0.2188
1824 0.0005
1825 0.0066
1826 0.0040
1827 0.2846
1828 0.0004
1829 0.0008
1830 0.0244
1831 0.5702
1832 0.0010
1833 0.0063
1834 0.0157
1835 0.0358
1836 0.0218
1837 0.0080
1838 0.0043
1839 0.0166
1840 0.0019
1841 0.0371
1842 0.0016
1843 0.0017
1844 0.0893
1845 0.0188
1846 0.0049
1847 0.0064
1848 0.0278
1849 0.0015
1850 0.0854
1851 0.1790
1852 0.0510
1853 0.0082
1854 0.1022
1855 0.0589
1856 0.0065
1857 0.0026
1858 0.0064
1859 0.0137
1860 0.1640
1861 0.2913
1862 0.0066
1863 0.0049
1864 0.0058
1865 0.0500
1866 0.0056
1867 0.0009
1868 0.1802
1869 0.0032
1870 0.0515
1871 0.0098
1872 0.0338
1873 0.2906
1874 0.0093
1875 0.1021
